<?xml version="1.0" encoding="utf-8"?>
<COLLADA xmlns="http://www.collada.org/2005/11/COLLADASchema" version="1.4.1">
  <asset>
    <contributor>
      <author>Mixamo</author>
      <authoring_tool>COLLADA Mixamo exporter</authoring_tool>
      <comments/>
    </contributor>
    <created>2024-04-19T00:44:32Z</created>
    <modified>2024-04-19T00:44:32Z</modified>
    <revision/>
    <title/>
    <unit meter="0.010000"/>
    <up_axis>Y_UP</up_axis>
  </asset>
  <library_animations>
    <animation id="mixamorig1_Hips-anim" name="mixamorig1_Hips">
      <source id="mixamorig1_Hips-Matrix-animation-input">
        <float_array id="mixamorig1_Hips-Matrix-animation-input-array" count="71">

0.000000 0.033333 0.066667 0.100000 0.133333 0.166667 0.200000 0.233333 0.266667 0.300000 0.333333 0.366667 0.400000 0.433333 0.466667 0.500000
0.533333 0.566667 0.600000 0.633333 0.666667 0.700000 0.733333 0.766667 0.800000 0.833333 0.866667 0.900000 0.933333 0.966667 1.000000 1.033333
1.066667 1.100000 1.133333 1.166667 1.200000 1.233333 1.266667 1.300000 1.333333 1.366667 1.400000 1.433333 1.466667 1.500000 1.533333 1.566667
1.600000 1.633333 1.666667 1.700000 1.733333 1.766667 1.800000 1.833333 1.866667 1.900000 1.933333 1.966667 2.000000 2.033333 2.066667 2.100000
2.133333 2.166667 2.200000 2.233333 2.266667 2.300000 2.333333</float_array>
        <technique_common>
          <accessor source="#mixamorig1_Hips-Matrix-animation-input-array" count="71">
            <param name="TIME" type="float"/>
          </accessor>
        </technique_common>
      </source>
      <source id="mixamorig1_Hips-Matrix-animation-output-transform">
        <float_array id="mixamorig1_Hips-Matrix-animation-output-transform-array" count="1136">

0.693679 -0.141493 -0.706250 0.097675 -0.678313 0.201492 -0.706606 39.679100 0.242284 0.969216 0.043794 3.026056 0.000000 0.000000 0.000000 1.000000
0.689268 -0.160206 -0.706572 -1.091044 -0.680787 0.190433 -0.707293 39.896469 0.247868 0.968540 0.022193 3.423739 0.000000 0.000000 0.000000 1.000000
0.684854 -0.178628 -0.706446 -2.248710 -0.683360 0.179126 -0.707766 40.119656 0.252970 0.967474 0.000608 3.777385 0.000000 0.000000 0.000000 1.000000
0.680724 -0.197181 -0.705503 -3.392222 -0.685507 0.168064 -0.708403 40.343239 0.258253 0.965854 -0.020763 4.108259 0.000000 0.000000 0.000000 1.000000
0.677331 -0.215192 -0.703502 -4.512376 -0.687030 0.156943 -0.709478 40.590385 0.263084 0.963878 -0.041541 4.417155 0.000000 0.000000 0.000000 1.000000
0.675524 -0.232344 -0.699774 -5.617805 -0.687135 0.145834 -0.711743 40.879375 0.267420 0.961638 -0.061137 4.715655 0.000000 0.000000 0.000000 1.000000
0.673930 -0.249244 -0.695483 -6.714354 -0.687046 0.134685 -0.714022 41.202965 0.271637 0.959029 -0.080473 5.006481 0.000000 0.000000 0.000000 1.000000
0.671565 -0.266217 -0.691468 -7.810237 -0.687698 0.123434 -0.715427 41.545212 0.275810 0.955977 -0.100183 5.307694 0.000000 0.000000 0.000000 1.000000
0.670090 -0.282658 -0.686355 -8.902163 -0.687532 0.112178 -0.717437 41.904663 0.279784 0.952639 -0.119167 5.623905 0.000000 0.000000 0.000000 1.000000
0.675161 -0.295892 -0.675726 -9.974103 -0.681292 0.101106 -0.724996 42.283096 0.282840 0.949856 -0.133326 5.953003 0.000000 0.000000 0.000000 1.000000
0.682562 -0.307645 -0.662920 -11.035792 -0.672702 0.090032 -0.734416 42.673706 0.285624 0.947232 -0.145501 6.291949 0.000000 0.000000 0.000000 1.000000
0.692385 -0.317485 -0.647925 -12.077787 -0.661452 0.079444 -0.745768 43.077900 0.288244 0.944930 -0.154995 6.639793 0.000000 0.000000 0.000000 1.000000
0.713548 -0.319343 -0.623594 -13.029856 -0.637679 0.072651 -0.766869 43.534248 0.290198 0.944850 -0.151798 7.005105 0.000000 0.000000 0.000000 1.000000
0.744006 -0.313418 -0.590105 -13.896301 -0.601486 0.070446 -0.795771 44.045719 0.290980 0.946999 -0.136105 7.383136 0.000000 0.000000 0.000000 1.000000
0.777277 -0.302230 -0.551812 -14.712979 -0.557874 0.074431 -0.826581 44.528950 0.290889 0.950325 -0.110752 7.764912 0.000000 0.000000 0.000000 1.000000
0.811956 -0.286842 -0.508378 -15.491064 -0.507136 0.084598 -0.857704 44.960312 0.289033 0.954235 -0.076778 8.153117 0.000000 0.000000 0.000000 1.000000
0.844406 -0.271319 -0.461914 -16.267941 -0.453776 0.096019 -0.885928 45.379795 0.284721 0.957688 -0.042039 8.547986 0.000000 0.000000 0.000000 1.000000
0.874842 -0.256275 -0.411066 -17.045532 -0.396771 0.107719 -0.911575 45.758469 0.277893 0.960583 -0.007446 8.954708 0.000000 0.000000 0.000000 1.000000
0.904366 -0.243867 -0.350215 -17.827513 -0.331581 0.115081 -0.936382 45.970703 0.268656 0.962956 0.023214 9.384502 0.000000 0.000000 0.000000 1.000000
0.929796 -0.239404 -0.279579 -18.617989 -0.259625 0.111848 -0.959210 46.088760 0.260909 0.964456 0.041840 9.856323 0.000000 0.000000 0.000000 1.000000
0.949483 -0.237523 -0.205098 -19.409561 -0.184884 0.104710 -0.977166 46.204422 0.253575 0.965722 0.055506 10.351291 0.000000 0.000000 0.000000 1.000000
0.962661 -0.241433 -0.122451 -20.185856 -0.103866 0.088307 -0.990663 46.305981 0.249992 0.966391 0.059933 10.881756 0.000000 0.000000 0.000000 1.000000
0.968243 -0.247653 -0.034258 -20.943672 -0.018743 0.064737 -0.997726 46.375084 0.249307 0.966684 0.058039 11.432199 0.000000 0.000000 0.000000 1.000000
0.965401 -0.253974 0.059149 -21.665264 0.069448 0.031771 -0.997080 46.311665 0.251353 0.966689 0.048310 11.979847 0.000000 0.000000 0.000000 1.000000
0.955401 -0.256091 0.147058 -22.293877 0.153035 0.003456 -0.988215 46.126892 0.252565 0.966647 0.042493 12.507429 0.000000 0.000000 0.000000 1.000000
0.939981 -0.254452 0.227353 -22.714439 0.231084 -0.015549 -0.972810 45.911560 0.251069 0.966960 0.044184 12.960705 0.000000 0.000000 0.000000 1.000000
0.919422 -0.251334 0.302482 -23.030485 0.305372 -0.028408 -0.951809 45.689381 0.247815 0.967484 0.050631 13.451388 0.000000 0.000000 0.000000 1.000000
0.895094 -0.248081 0.370490 -23.266802 0.373955 -0.034835 -0.926792 45.352398 0.242826 0.968113 0.061590 13.984129 0.000000 0.000000 0.000000 1.000000
0.868571 -0.245310 0.430588 -23.444611 0.435589 -0.036424 -0.899409 44.848362 0.236318 0.968760 0.075217 14.534244 0.000000 0.000000 0.000000 1.000000
0.845335 -0.243765 0.475381 -23.551674 0.483160 -0.030851 -0.874988 44.079014 0.227958 0.969343 0.091698 15.044341 0.000000 0.000000 0.000000 1.000000
0.828907 -0.243795 0.503466 -23.589842 0.515282 -0.017516 -0.856842 43.123684 0.217713 0.969669 0.111104 15.473912 0.000000 0.000000 0.000000 1.000000
0.813568 -0.244605 0.527518 -23.573996 0.543479 -0.002663 -0.839419 42.118710 0.206730 0.969619 0.130771 15.897385 0.000000 0.000000 0.000000 1.000000
0.801916 -0.246312 0.544300 -23.508827 0.564802 0.015564 -0.825079 41.120167 0.194755 0.969066 0.151598 16.259903 0.000000 0.000000 0.000000 1.000000
0.802002 -0.249760 0.542598 -23.344671 0.568880 0.042412 -0.821326 40.227959 0.182122 0.967378 0.176099 16.432108 0.000000 0.000000 0.000000 1.000000
0.810331 -0.255069 0.527545 -23.102341 0.559939 0.071692 -0.825426 39.607712 0.172720 0.964261 0.200917 16.460123 0.000000 0.000000 0.000000 1.000000
0.820894 -0.259697 0.508617 -22.808372 0.546892 0.101027 -0.831085 39.062889 0.164446 0.960391 0.224959 16.421749 0.000000 0.000000 0.000000 1.000000
0.832354 -0.263273 0.487724 -22.482952 0.531503 0.129668 -0.837073 38.578056 0.157137 0.955967 0.247860 16.333107 0.000000 0.000000 0.000000 1.000000
0.844375 -0.265317 0.465443 -22.126171 0.514141 0.157030 -0.843208 38.172218 0.150629 0.951288 0.269003 16.202345 0.000000 0.000000 0.000000 1.000000
0.856150 -0.265411 0.443356 -21.739248 0.496129 0.182383 -0.848877 37.842087 0.144441 0.946728 0.287825 16.035742 0.000000 0.000000 0.000000 1.000000
0.867402 -0.263375 0.422192 -21.321138 0.477945 0.204815 -0.854178 37.668404 0.138498 0.942700 0.303536 15.836590 0.000000 0.000000 0.000000 1.000000
0.878794 -0.260318 0.399944 -20.878550 0.457789 0.223281 -0.860567 37.764767 0.134721 0.939351 0.315389 15.612680 0.000000 0.000000 0.000000 1.000000
0.890648 -0.256565 0.375395 -20.416162 0.434573 0.237440 -0.868774 38.155365 0.133763 0.936908 0.322972 15.367091 0.000000 0.000000 0.000000 1.000000
0.902085 -0.251819 0.350470 -19.936836 0.410300 0.248706 -0.877382 38.629635 0.133778 0.935271 0.327675 15.092071 0.000000 0.000000 0.000000 1.000000
0.913479 -0.245928 0.324154 -19.494406 0.383853 0.256626 -0.887017 39.231194 0.134956 0.934699 0.328823 14.786386 0.000000 0.000000 0.000000 1.000000
0.924627 -0.238990 0.296561 -18.946951 0.355457 0.261793 -0.897282 39.907139 0.136804 0.935066 0.327012 14.399328 0.000000 0.000000 0.000000 1.000000
0.935028 -0.231567 0.268513 -18.276468 0.326246 0.265260 -0.907304 40.566422 0.138876 0.935956 0.323573 13.987453 0.000000 0.000000 0.000000 1.000000
0.944615 -0.223997 0.239851 -17.574129 0.296196 0.267185 -0.916995 41.195335 0.141319 0.937250 0.318733 13.565636 0.000000 0.000000 0.000000 1.000000
0.953325 -0.216546 0.210428 -16.843275 0.265274 0.267770 -0.926245 41.778751 0.144228 0.938833 0.312716 13.132574 0.000000 0.000000 0.000000 1.000000
0.961086 -0.209454 0.180119 -16.086624 0.233457 0.267245 -0.934921 42.301651 0.147687 0.940590 0.305744 12.687559 0.000000 0.000000 0.000000 1.000000
0.967895 -0.202946 0.148299 -15.299098 0.200189 0.265616 -0.943066 42.738068 0.152001 0.942476 0.297716 12.229418 0.000000 0.000000 0.000000 1.000000
0.973627 -0.197090 0.114915 -14.489899 0.165429 0.263027 -0.950500 43.110191 0.157108 0.944443 0.288694 11.759535 0.000000 0.000000 0.000000 1.000000
0.977991 -0.192247 0.081088 -13.683695 0.130425 0.259931 -0.956779 43.456593 0.162860 0.946297 0.279284 11.271456 0.000000 0.000000 0.000000 1.000000
0.980976 -0.188507 0.046386 -12.863714 0.094684 0.255998 -0.962029 43.745861 0.169474 0.948119 0.268976 10.758685 0.000000 0.000000 0.000000 1.000000
0.982625 -0.185378 0.009095 -12.028212 0.056088 0.249874 -0.966653 44.061104 0.176924 0.950367 0.255930 10.229210 0.000000 0.000000 0.000000 1.000000
0.982585 -0.183242 -0.030806 -11.190598 0.014671 0.241778 -0.970221 44.403004 0.185234 0.952872 0.240256 9.683632 0.000000 0.000000 0.000000 1.000000
0.980488 -0.182686 -0.072585 -10.346299 -0.028575 0.232868 -0.972088 44.692333 0.194490 0.955195 0.223104 9.144012 0.000000 0.000000 0.000000 1.000000
0.975780 -0.183973 -0.118350 -9.491357 -0.075992 0.222245 -0.972025 44.981434 0.205129 0.957476 0.202882 8.617147 0.000000 0.000000 0.000000 1.000000
0.968263 -0.186708 -0.166151 -8.517412 -0.125786 0.210419 -0.969485 45.236725 0.215972 0.959617 0.180256 8.108856 0.000000 0.000000 0.000000 1.000000
0.957925 -0.190449 -0.214730 -7.585838 -0.176686 0.198299 -0.964085 45.414459 0.226189 0.961461 0.156306 7.612281 0.000000 0.000000 0.000000 1.000000
0.945055 -0.193833 -0.263247 -6.697614 -0.227443 0.188562 -0.955361 45.414391 0.234819 0.962743 0.134115 7.124949 0.000000 0.000000 0.000000 1.000000
0.929887 -0.196198 -0.311154 -5.832296 -0.277635 0.180560 -0.943566 45.304466 0.241308 0.963797 0.113429 6.663219 0.000000 0.000000 0.000000 1.000000
0.912781 -0.197234 -0.357673 -4.998318 -0.326472 0.173928 -0.929067 45.100883 0.245453 0.964805 0.094367 6.241491 0.000000 0.000000 0.000000 1.000000
0.894611 -0.195045 -0.402031 -4.252535 -0.372559 0.171191 -0.912082 44.662590 0.246721 0.965739 0.080484 5.883263 0.000000 0.000000 0.000000 1.000000
0.874256 -0.190798 -0.446399 -3.451873 -0.419066 0.167587 -0.892355 44.258785 0.245070 0.967218 0.066557 5.634887 0.000000 0.000000 0.000000 1.000000
0.852186 -0.182695 -0.490309 -2.680955 -0.464620 0.166748 -0.869669 43.862080 0.240642 0.968926 0.057217 5.458353 0.000000 0.000000 0.000000 1.000000
0.827094 -0.175565 -0.533941 -1.934318 -0.509391 0.167378 -0.844100 43.522064 0.237565 0.970135 0.049006 5.172083 0.000000 0.000000 0.000000 1.000000
0.800285 -0.170219 -0.574951 -1.286518 -0.550760 0.170445 -0.817075 43.102852 0.237080 0.970553 0.042655 4.760635 0.000000 0.000000 0.000000 1.000000
0.773530 -0.165263 -0.611833 -0.770446 -0.587386 0.175545 -0.790039 42.476810 0.237968 0.970501 0.038716 4.320071 0.000000 0.000000 0.000000 1.000000
0.746775 -0.159084 -0.645771 -0.356925 -0.620773 0.181733 -0.762636 41.648659 0.238681 0.970394 0.036959 3.889125 0.000000 0.000000 0.000000 1.000000
0.720472 -0.150686 -0.676915 -0.093052 -0.650654 0.190838 -0.735004 40.680439 0.239936 0.969987 0.039449 3.455101 0.000000 0.000000 0.000000 1.000000
0.693679 -0.141493 -0.706250 0.097672 -0.678313 0.201492 -0.706606 39.679092 0.242284 0.969216 0.043794 3.026057 0.000000 0.000000 0.000000 1.000000</float_array>
        <technique_common>
          <accessor source="#mixamorig1_Hips-Matrix-animation-output-transform-array" count="71" stride="16">
            <param type="float4x4"/>
          </accessor>
        </technique_common>
      </source>
      <source id="mixamorig1_Hips-Interpolations">
        <Name_array id="mixamorig1_Hips-Interpolations-array" count="71">
 LINEAR LINEAR LINEAR LINEAR LINEAR LINEAR LINEAR LINEAR LINEAR LINEAR LINEAR
LINEAR LINEAR LINEAR LINEAR LINEAR LINEAR LINEAR LINEAR LINEAR LINEAR LINEAR LINEAR
LINEAR LINEAR LINEAR LINEAR LINEAR LINEAR LINEAR LINEAR LINEAR LINEAR LINEAR LINEAR
LINEAR LINEAR LINEAR LINEAR LINEAR LINEAR LINEAR LINEAR LINEAR LINEAR LINEAR LINEAR
LINEAR LINEAR LINEAR LINEAR LINEAR LINEAR LINEAR LINEAR LINEAR LINEAR LINEAR LINEAR
LINEAR LINEAR LINEAR LINEAR LINEAR LINEAR LINEAR LINEAR LINEAR LINEAR LINEAR LINEAR</Name_array>
        <technique_common>
          <accessor source="#mixamorig1_Hips-Interpolations-array" count="71">
            <param type="name"/>
          </accessor>
        </technique_common>
      </source>
      <sampler id="mixamorig1_Hips-Matrix-animation-transform">
        <input semantic="INPUT" source="#mixamorig1_Hips-Matrix-animation-input"/>
        <input semantic="OUTPUT" source="#mixamorig1_Hips-Matrix-animation-output-transform"/>
        <input semantic="INTERPOLATION" source="#mixamorig1_Hips-Interpolations"/>
      </sampler>
      <channel source="#mixamorig1_Hips-Matrix-animation-transform" target="mixamorig1_Hips/matrix"/>
    </animation>
    <animation id="mixamorig1_Spine-anim" name="mixamorig1_Spine">
      <source id="mixamorig1_Spine-Matrix-animation-input">
        <float_array id="mixamorig1_Spine-Matrix-animation-input-array" count="71">

0.000000 0.033333 0.066667 0.100000 0.133333 0.166667 0.200000 0.233333 0.266667 0.300000 0.333333 0.366667 0.400000 0.433333 0.466667 0.500000
0.533333 0.566667 0.600000 0.633333 0.666667 0.700000 0.733333 0.766667 0.800000 0.833333 0.866667 0.900000 0.933333 0.966667 1.000000 1.033333
1.066667 1.100000 1.133333 1.166667 1.200000 1.233333 1.266667 1.300000 1.333333 1.366667 1.400000 1.433333 1.466667 1.500000 1.533333 1.566667
1.600000 1.633333 1.666667 1.700000 1.733333 1.766667 1.800000 1.833333 1.866667 1.900000 1.933333 1.966667 2.000000 2.033333 2.066667 2.100000
2.133333 2.166667 2.200000 2.233333 2.266667 2.300000 2.333333</float_array>
        <technique_common>
          <accessor source="#mixamorig1_Spine-Matrix-animation-input-array" count="71">
            <param name="TIME" type="float"/>
          </accessor>
        </technique_common>
      </source>
      <source id="mixamorig1_Spine-Matrix-animation-output-transform">
        <float_array id="mixamorig1_Spine-Matrix-animation-output-transform-array" count="1136">

0.957968 -0.016401 0.286407 -0.000000 0.076824 0.976567 -0.201036 8.775200 -0.276399 0.214589 0.936779 -0.868600 0.000000 0.000000 0.000000 1.000000
0.953437 -0.007714 0.301492 0.000000 0.064271 0.981906 -0.178126 8.775200 -0.294663 0.189209 0.936682 -0.868600 0.000000 0.000000 0.000000 1.000000
0.948586 0.000637 0.316519 -0.000000 0.051226 0.986506 -0.155507 8.775200 -0.312347 0.163726 0.935753 -0.868600 0.000000 0.000000 0.000000 1.000000
0.943619 0.009349 0.330902 -0.000000 0.037023 0.990350 -0.133556 8.775200 -0.328958 0.138276 0.934166 -0.868600 0.000000 0.000000 0.000000 1.000000
0.938554 0.018273 0.344648 0.000000 0.022089 0.993370 -0.112819 8.775200 -0.344425 0.113500 0.931928 -0.868600 0.000000 0.000000 0.000000 1.000000
0.933660 0.027775 0.357081 0.000000 0.006364 0.995545 -0.094078 8.775200 -0.358103 0.090109 0.929324 -0.868600 0.000000 0.000000 0.000000 1.000000
0.928575 0.037428 0.369254 -0.000000 -0.009927 0.997051 -0.076098 8.775200 -0.371013 0.066997 0.926208 -0.868600 0.000000 0.000000 0.000000 1.000000
0.922966 0.046890 0.382014 0.000000 -0.026642 0.997954 -0.058126 8.775200 -0.383957 0.043470 0.922327 -0.868600 0.000000 0.000000 0.000000 1.000000
0.917368 0.056742 0.393976 0.000000 -0.043905 0.998172 -0.041527 8.775200 -0.395612 0.020798 0.918182 -0.868600 0.000000 0.000000 0.000000 1.000000
0.913874 0.066173 0.400569 -0.000000 -0.058838 0.997799 -0.030597 8.775200 -0.401712 0.004393 0.915756 -0.868600 0.000000 0.000000 0.000000 1.000000
0.911123 0.075308 0.405195 0.000000 -0.072723 0.997114 -0.021795 8.775200 -0.405667 -0.009609 0.913970 -0.868600 0.000000 0.000000 0.000000 1.000000
0.909200 0.084137 0.407769 -0.000000 -0.085437 0.996230 -0.015060 8.775200 -0.407498 -0.021146 0.912961 -0.868600 0.000000 0.000000 0.000000 1.000000
0.911534 0.092029 0.400795 -0.000000 -0.092974 0.995521 -0.017135 8.775200 -0.400577 -0.021644 0.916008 -0.868600 0.000000 0.000000 0.000000 1.000000
0.917590 0.098797 0.385056 0.000000 -0.095777 0.995035 -0.027068 8.775200 -0.385818 -0.012042 0.922496 -0.868600 0.000000 0.000000 0.000000 1.000000
0.925378 0.104230 0.364433 0.000000 -0.095848 0.994549 -0.041065 8.775200 -0.366726 0.003071 0.930324 -0.868600 0.000000 0.000000 0.000000 1.000000
0.934405 0.108645 0.339241 0.000000 -0.094142 0.993811 -0.058974 8.775200 -0.343548 0.023169 0.938849 -0.868600 0.000000 0.000000 0.000000 1.000000
0.943007 0.113079 0.312970 0.000000 -0.093325 0.992619 -0.077444 8.775200 -0.319417 0.043822 0.946600 -0.868600 0.000000 0.000000 0.000000 1.000000
0.951364 0.118930 0.284186 -0.000000 -0.095177 0.990818 -0.096029 8.775200 -0.292998 0.064310 0.953948 -0.868600 0.000000 0.000000 0.000000 1.000000
0.959939 0.131845 0.247253 0.000000 -0.106765 0.987923 -0.112296 8.775200 -0.259073 0.081399 0.962422 -0.868600 0.000000 0.000000 0.000000 1.000000
0.967041 0.153218 0.203362 -0.000000 -0.130594 0.984095 -0.120428 8.775200 -0.218579 0.089901 0.971669 -0.868600 0.000000 0.000000 0.000000 1.000000
0.971589 0.176501 0.157679 -0.000000 -0.157815 0.979634 -0.124145 8.775200 -0.176379 0.095734 0.979656 -0.868600 0.000000 0.000000 0.000000 1.000000
0.973278 0.203366 0.106639 0.000000 -0.190251 0.974195 -0.121445 8.775200 -0.128585 0.097911 0.986853 -0.868600 0.000000 0.000000 0.000000 1.000000
0.971356 0.231861 0.052039 0.000000 -0.224965 0.967804 -0.112898 8.775200 -0.076540 0.097957 0.992243 -0.868600 0.000000 0.000000 0.000000 1.000000
0.965918 0.258759 -0.006803 0.000000 -0.258153 0.961065 -0.098546 8.775200 -0.018962 0.096944 0.995109 -0.868600 0.000000 0.000000 0.000000 1.000000
0.958831 0.276237 -0.065855 0.000000 -0.281174 0.955990 -0.083812 8.775200 0.039805 0.098878 0.994303 -0.868600 0.000000 0.000000 0.000000 1.000000
0.951021 0.283821 -0.122492 -0.000000 -0.293830 0.953068 -0.072970 8.775200 0.096032 0.105388 0.989783 -0.868600 0.000000 0.000000 0.000000 1.000000
0.941155 0.287786 -0.177219 -0.000000 -0.302893 0.950839 -0.064506 8.775200 0.149943 0.114388 0.982055 -0.868600 0.000000 0.000000 0.000000 1.000000
0.928982 0.290602 -0.229224 -0.000000 -0.311201 0.948529 -0.058702 8.775200 0.200367 0.125868 0.971602 -0.868600 0.000000 0.000000 0.000000 1.000000
0.914903 0.293108 -0.277560 0.000000 -0.319497 0.946042 -0.054101 8.775200 0.246726 0.138177 0.959184 -0.868600 0.000000 0.000000 0.000000 1.000000
0.901630 0.294502 -0.316753 -0.000000 -0.325757 0.944161 -0.049423 8.775200 0.284511 0.147746 0.947219 -0.868600 0.000000 0.000000 0.000000 1.000000
0.890936 0.295098 -0.345181 0.000000 -0.329475 0.943134 -0.044106 8.775200 0.312536 0.153024 0.937499 -0.868600 0.000000 0.000000 0.000000 1.000000
0.880345 0.295652 -0.370922 0.000000 -0.332711 0.942238 -0.038623 8.775200 0.338077 0.157412 0.927861 -0.868600 0.000000 0.000000 0.000000 1.000000
0.871134 0.295733 -0.392005 0.000000 -0.334654 0.941756 -0.033214 8.775200 0.359351 0.160120 0.919363 -0.868600 0.000000 0.000000 0.000000 1.000000
0.866861 0.295078 -0.401847 0.000000 -0.333850 0.942201 -0.028317 8.775200 0.370265 0.158704 0.915269 -0.868600 0.000000 0.000000 0.000000 1.000000
0.864166 0.296982 -0.406226 -0.000000 -0.335027 0.941900 -0.024104 8.775200 0.375466 0.156927 0.913455 -0.868600 0.000000 0.000000 0.000000 1.000000
0.861741 0.299663 -0.409395 -0.000000 -0.336816 0.941359 -0.019927 8.775200 0.379416 0.155063 0.912140 -0.868600 0.000000 0.000000 0.000000 1.000000
0.859815 0.301859 -0.411825 -0.000000 -0.337851 0.941071 -0.015586 8.775200 0.382852 0.152536 0.911130 -0.868600 0.000000 0.000000 0.000000 1.000000
0.858731 0.302771 -0.413413 -0.000000 -0.337247 0.941351 -0.011106 8.775200 0.385804 0.148960 0.910476 -0.868600 0.000000 0.000000 0.000000 1.000000
0.858099 0.302806 -0.414698 0.000000 -0.335693 0.941947 -0.006826 8.775200 0.388556 0.145068 0.909934 -0.868600 0.000000 0.000000 0.000000 1.000000
0.857724 0.302090 -0.415994 0.000000 -0.333605 0.942707 -0.003266 8.775200 0.391174 0.141579 0.909361 -0.868600 0.000000 0.000000 0.000000 1.000000
0.857826 0.300876 -0.416664 0.000000 -0.331423 0.943482 -0.001038 8.775200 0.392802 0.138982 0.909060 -0.868600 0.000000 0.000000 0.000000 1.000000
0.858579 0.299300 -0.416246 0.000000 -0.329248 0.944244 -0.000176 8.775200 0.392985 0.137199 0.909252 -0.868600 0.000000 0.000000 0.000000 1.000000
0.859604 0.297687 -0.415288 -0.000000 -0.327071 0.945000 0.000391 8.775200 0.392563 0.135493 0.909690 -0.868600 0.000000 0.000000 0.000000 1.000000
0.861939 0.294932 -0.412403 -0.000000 -0.323935 0.946079 -0.000445 8.775200 0.390035 0.133975 0.911001 -0.868600 0.000000 0.000000 0.000000 1.000000
0.865458 0.291106 -0.407724 0.000000 -0.319835 0.947470 -0.002426 8.775200 0.385600 0.132504 0.913102 -0.868600 0.000000 0.000000 0.000000 1.000000
0.869178 0.287269 -0.402500 -0.000000 -0.315698 0.948849 -0.004528 8.775200 0.380611 0.131004 0.915409 -0.868600 0.000000 0.000000 0.000000 1.000000
0.873107 0.283527 -0.396606 -0.000000 -0.311650 0.950173 -0.006818 8.775200 0.374911 0.129555 0.917963 -0.868600 0.000000 0.000000 0.000000 1.000000
0.877269 0.279939 -0.389914 -0.000000 -0.307767 0.951416 -0.009377 8.775200 0.368346 0.128229 0.920803 -0.868600 0.000000 0.000000 0.000000 1.000000
0.881680 0.276565 -0.382298 0.000000 -0.304121 0.952554 -0.012279 8.775200 0.360763 0.127091 0.923958 -0.868600 0.000000 0.000000 0.000000 1.000000
0.887129 0.271743 -0.373038 -0.000000 -0.298996 0.954120 -0.016011 8.775200 0.351573 0.125741 0.927678 -0.868600 0.000000 0.000000 0.000000 1.000000
0.893971 0.264025 -0.362085 -0.000000 -0.290822 0.956557 -0.020525 8.775200 0.340936 0.123651 0.931919 -0.868600 0.000000 0.000000 0.000000 1.000000
0.900801 0.256132 -0.350647 -0.000000 -0.282335 0.958995 -0.024806 8.775200 0.329915 0.121345 0.936179 -0.868600 0.000000 0.000000 0.000000 1.000000
0.908514 0.245884 -0.337852 0.000000 -0.271299 0.962047 -0.029381 8.775200 0.317805 0.118352 0.940741 -0.868600 0.000000 0.000000 0.000000 1.000000
0.918269 0.231585 -0.321169 0.000000 -0.256216 0.965947 -0.036046 8.775200 0.301885 0.115389 0.946336 -0.868600 0.000000 0.000000 0.000000 1.000000
0.929212 0.214736 -0.300754 -0.000000 -0.238550 0.970116 -0.044369 8.775200 0.282239 0.112973 0.952669 -0.868600 0.000000 0.000000 0.000000 1.000000
0.940035 0.197429 -0.278128 0.000000 -0.220335 0.973965 -0.053332 8.775200 0.260358 0.111415 0.959062 -0.868600 0.000000 0.000000 0.000000 1.000000
0.951396 0.178688 -0.250831 0.000000 -0.200481 0.977606 -0.063989 8.775200 0.233780 0.111166 0.965914 -0.868600 0.000000 0.000000 0.000000 1.000000
0.962186 0.161370 -0.219449 0.000000 -0.181229 0.980693 -0.073466 8.775200 0.203357 0.110459 0.972854 -0.868600 0.000000 0.000000 0.000000 1.000000
0.971952 0.145537 -0.184741 -0.000000 -0.162931 0.983167 -0.082680 8.775200 0.169598 0.110461 0.979303 -0.868600 0.000000 0.000000 0.000000 1.000000
0.980614 0.129447 -0.147102 0.000000 -0.144113 0.985104 -0.093814 8.775200 0.132767 0.113195 0.984662 -0.868600 0.000000 0.000000 0.000000 1.000000
0.987738 0.112786 -0.107951 0.000000 -0.124166 0.986663 -0.105253 8.775200 0.094640 0.117367 0.988569 -0.868600 0.000000 0.000000 0.000000 1.000000
0.993043 0.095782 -0.068497 0.000000 -0.103298 0.987833 -0.116254 8.775200 0.056528 0.122521 0.990855 -0.868600 0.000000 0.000000 0.000000 1.000000
0.996454 0.079119 -0.028632 0.000000 -0.082159 0.988336 -0.128226 8.775200 0.018153 0.130124 0.991332 -0.868600 0.000000 0.000000 0.000000 1.000000
0.998091 0.060382 0.012955 -0.000000 -0.058005 0.988605 -0.138906 8.775200 -0.021195 0.137889 0.990221 -0.868600 0.000000 0.000000 0.000000 1.000000
0.997508 0.042356 0.056423 0.000000 -0.033519 0.988230 -0.149260 8.775200 -0.062081 0.146997 0.987187 -0.868600 0.000000 0.000000 0.000000 1.000000
0.994524 0.027184 0.100916 0.000000 -0.010891 0.987280 -0.158619 8.775200 -0.103944 0.156651 0.982169 -0.868600 0.000000 0.000000 0.000000 1.000000
0.989536 0.015741 0.143425 0.000000 0.008589 0.985843 -0.167453 8.775200 -0.144030 0.166932 0.975392 -0.868600 0.000000 0.000000 0.000000 1.000000
0.983253 0.006316 0.182139 0.000000 0.026276 0.984045 -0.175970 8.775200 -0.180344 0.177809 0.967399 -0.868600 0.000000 0.000000 0.000000 1.000000
0.975804 -0.002731 0.218632 0.000000 0.043983 0.981934 -0.184043 8.775200 -0.214179 0.189206 0.958294 -0.868600 0.000000 0.000000 0.000000 1.000000
0.967388 -0.010040 0.253100 0.000000 0.060545 0.979415 -0.192561 8.775200 -0.245956 0.201605 0.948083 -0.868600 0.000000 0.000000 0.000000 1.000000
0.957968 -0.016400 0.286407 0.000000 0.076824 0.976567 -0.201037 8.775200 -0.276399 0.214589 0.936779 -0.868600 0.000000 0.000000 0.000000 1.000000</float_array>
        <technique_common>
          <accessor source="#mixamorig1_Spine-Matrix-animation-output-transform-array" count="71" stride="16">
            <param type="float4x4"/>
          </accessor>
        </technique_common>
      </source>
      <source id="mixamorig1_Spine-Interpolations">
        <Name_array id="mixamorig1_Spine-Interpolations-array" count="71">
 LINEAR LINEAR LINEAR LINEAR LINEAR LINEAR LINEAR LINEAR LINEAR LINEAR LINEAR
LINEAR LINEAR LINEAR LINEAR LINEAR LINEAR LINEAR LINEAR LINEAR LINEAR LINEAR LINEAR
LINEAR LINEAR LINEAR LINEAR LINEAR LINEAR LINEAR LINEAR LINEAR LINEAR LINEAR LINEAR
LINEAR LINEAR LINEAR LINEAR LINEAR LINEAR LINEAR LINEAR LINEAR LINEAR LINEAR LINEAR
LINEAR LINEAR LINEAR LINEAR LINEAR LINEAR LINEAR LINEAR LINEAR LINEAR LINEAR LINEAR
LINEAR LINEAR LINEAR LINEAR LINEAR LINEAR LINEAR LINEAR LINEAR LINEAR LINEAR LINEAR</Name_array>
        <technique_common>
          <accessor source="#mixamorig1_Spine-Interpolations-array" count="71">
            <param type="name"/>
          </accessor>
        </technique_common>
      </source>
      <sampler id="mixamorig1_Spine-Matrix-animation-transform">
        <input semantic="INPUT" source="#mixamorig1_Spine-Matrix-animation-input"/>
        <input semantic="OUTPUT" source="#mixamorig1_Spine-Matrix-animation-output-transform"/>
        <input semantic="INTERPOLATION" source="#mixamorig1_Spine-Interpolations"/>
      </sampler>
      <channel source="#mixamorig1_Spine-Matrix-animation-transform" target="mixamorig1_Spine/matrix"/>
    </animation>
    <animation id="mixamorig1_Spine1-anim" name="mixamorig1_Spine1">
      <source id="mixamorig1_Spine1-Matrix-animation-input">
        <float_array id="mixamorig1_Spine1-Matrix-animation-input-array" count="71">

0.000000 0.033333 0.066667 0.100000 0.133333 0.166667 0.200000 0.233333 0.266667 0.300000 0.333333 0.366667 0.400000 0.433333 0.466667 0.500000
0.533333 0.566667 0.600000 0.633333 0.666667 0.700000 0.733333 0.766667 0.800000 0.833333 0.866667 0.900000 0.933333 0.966667 1.000000 1.033333
1.066667 1.100000 1.133333 1.166667 1.200000 1.233333 1.266667 1.300000 1.333333 1.366667 1.400000 1.433333 1.466667 1.500000 1.533333 1.566667
1.600000 1.633333 1.666667 1.700000 1.733333 1.766667 1.800000 1.833333 1.866667 1.900000 1.933333 1.966667 2.000000 2.033333 2.066667 2.100000
2.133333 2.166667 2.200000 2.233333 2.266667 2.300000 2.333333</float_array>
        <technique_common>
          <accessor source="#mixamorig1_Spine1-Matrix-animation-input-array" count="71">
            <param name="TIME" type="float"/>
          </accessor>
        </technique_common>
      </source>
      <source id="mixamorig1_Spine1-Matrix-animation-output-transform">
        <float_array id="mixamorig1_Spine1-Matrix-animation-output-transform-array" count="1136">

0.997372 -0.012887 0.071291 0.000000 0.015552 0.999196 -0.036961 10.287800 -0.070758 0.037973 0.996770 -0.000000 0.000000 0.000000 0.000000 1.000000
0.996945 -0.012911 0.077027 0.000000 0.015363 0.999391 -0.031329 10.287800 -0.076576 0.032416 0.996537 0.000000 0.000000 0.000000 0.000000 1.000000
0.996486 -0.012935 0.082760 -0.000000 0.015109 0.999555 -0.025700 10.287800 -0.082390 0.026861 0.996238 -0.000000 0.000000 0.000000 0.000000 1.000000
0.995996 -0.012959 0.088457 0.000000 0.014792 0.999689 -0.020099 10.287800 -0.088169 0.021327 0.995877 0.000000 0.000000 0.000000 0.000000 1.000000
0.995492 -0.012982 0.093951 -0.000000 0.014420 0.999789 -0.014648 10.287800 -0.093741 0.015937 0.995469 0.000000 0.000000 0.000000 0.000000 1.000000
0.994996 -0.013064 0.099053 -0.000000 0.014071 0.999856 -0.009479 10.287800 -0.098915 0.010825 0.995037 -0.000000 0.000000 0.000000 0.000000 1.000000
0.994477 -0.013626 0.104069 0.000000 0.014152 0.999891 -0.004324 10.287800 -0.103998 0.005773 0.994561 -0.000000 0.000000 0.000000 0.000000 1.000000
0.993910 -0.014837 0.109187 0.000000 0.014819 0.999890 0.000983 10.287800 -0.109190 0.000641 0.994021 0.000000 0.000000 0.000000 0.000000 1.000000
0.993343 -0.016048 0.114071 0.000000 0.015450 0.999862 0.006127 10.287800 -0.114154 -0.004324 0.993454 -0.000000 0.000000 0.000000 0.000000 1.000000
0.992948 -0.015278 0.117559 0.000000 0.014201 0.999849 0.009992 10.287800 -0.117694 -0.008252 0.993016 0.000000 0.000000 0.000000 0.000000 1.000000
0.992617 -0.013738 0.120512 0.000000 0.012216 0.999836 0.013362 10.287800 -0.120676 -0.011791 0.992622 0.000000 0.000000 0.000000 0.000000 1.000000
0.992355 -0.011421 0.122887 0.000000 0.009497 0.999823 0.016232 10.287800 -0.123051 -0.014941 0.992288 0.000000 0.000000 0.000000 0.000000 1.000000
0.992437 -0.005706 0.122622 0.000000 0.003653 0.999850 0.016954 10.287800 -0.122701 -0.016378 0.992309 0.000000 0.000000 0.000000 0.000000 1.000000
0.992782 0.002902 0.119896 0.000000 -0.004836 0.999863 0.015846 10.287800 -0.119833 -0.016312 0.992660 0.000000 0.000000 0.000000 0.000000 1.000000
0.993206 0.011932 0.115758 -0.000000 -0.013671 0.999805 0.014246 10.287800 -0.115566 -0.015732 0.993175 0.000000 0.000000 0.000000 0.000000 1.000000
0.993667 0.021236 0.110344 0.000000 -0.022727 0.999666 0.012276 10.287800 -0.110047 -0.014706 0.993818 0.000000 0.000000 0.000000 0.000000 1.000000
0.994039 0.030549 0.104655 0.000000 -0.031806 0.999440 0.010360 10.287800 -0.104280 -0.013627 0.994455 0.000000 0.000000 0.000000 0.000000 1.000000
0.994356 0.039678 0.098395 0.000000 -0.040722 0.999133 0.008620 10.287800 -0.097967 -0.012578 0.995110 0.000000 0.000000 0.000000 0.000000 1.000000
0.994758 0.047801 0.090394 0.000000 -0.048682 0.998786 0.007559 10.287800 -0.089922 -0.011920 0.995877 0.000000 0.000000 0.000000 0.000000 1.000000
0.995154 0.055710 0.081019 -0.000000 -0.056483 0.998377 0.007270 10.287800 -0.080482 -0.011811 0.996686 0.000000 0.000000 0.000000 0.000000 1.000000
0.995403 0.063956 0.071287 0.000000 -0.064627 0.997884 0.007144 10.287800 -0.070679 -0.011718 0.997430 0.000000 0.000000 0.000000 0.000000 1.000000
0.995450 0.073769 0.060316 -0.000000 -0.074325 0.997209 0.007025 10.287800 -0.059629 -0.011476 0.998155 0.000000 0.000000 0.000000 0.000000 1.000000
0.995244 0.084547 0.048384 0.000000 -0.084973 0.996360 0.006803 10.287800 -0.047633 -0.010882 0.998806 0.000000 0.000000 0.000000 0.000000 1.000000
0.994789 0.095794 0.034906 0.000000 -0.096062 0.995357 0.006070 10.287800 -0.034163 -0.009391 0.999372 0.000000 0.000000 0.000000 0.000000 1.000000
0.994273 0.104942 0.020226 -0.000000 -0.105051 0.994457 0.004435 10.287800 -0.019648 -0.006534 0.999786 0.000000 0.000000 0.000000 0.000000 1.000000
0.993808 0.110997 0.005114 -0.000000 -0.111008 0.993818 0.001959 10.287800 -0.004865 -0.002515 0.999985 -0.000000 0.000000 0.000000 0.000000 1.000000
0.993266 0.115427 -0.009993 0.000000 -0.115441 0.993314 -0.000881 10.287800 0.009825 0.002029 0.999950 0.000000 0.000000 0.000000 0.000000 1.000000
0.992546 0.119324 -0.024801 -0.000000 -0.119459 0.992831 -0.004041 10.287800 0.024141 0.006974 0.999684 0.000000 0.000000 0.000000 0.000000 1.000000
0.991649 0.122956 -0.038901 -0.000000 -0.123322 0.992341 -0.007157 10.287800 0.037723 0.011895 0.999217 0.000000 0.000000 0.000000 0.000000 1.000000
0.990762 0.125739 -0.050797 0.000000 -0.126380 0.991935 -0.009613 10.287800 0.049178 0.015944 0.998663 0.000000 0.000000 0.000000 0.000000 1.000000
0.989958 0.128006 -0.059980 0.000000 -0.128894 0.991596 -0.011160 10.287800 0.058047 0.018779 0.998137 0.000000 0.000000 0.000000 0.000000 1.000000
0.989113 0.130182 -0.068609 0.000000 -0.131331 0.991260 -0.012492 10.287800 0.066383 0.021367 0.997565 0.000000 0.000000 0.000000 0.000000 1.000000
0.988298 0.132205 -0.076087 0.000000 -0.133593 0.990945 -0.013422 10.287800 0.073623 0.023429 0.997011 0.000000 0.000000 0.000000 0.000000 1.000000
0.987713 0.133954 -0.080490 -0.000000 -0.135443 0.990696 -0.013315 10.287800 0.077957 0.024053 0.996667 -0.000000 0.000000 0.000000 0.000000 1.000000
0.987192 0.136196 -0.083084 0.000000 -0.137680 0.990400 -0.012365 10.287800 0.080602 0.023646 0.996466 0.000000 0.000000 0.000000 0.000000 1.000000
0.986763 0.138032 -0.085126 -0.000000 -0.139460 0.990166 -0.011036 10.287800 0.082765 0.022762 0.996309 0.000000 0.000000 0.000000 0.000000 1.000000
0.986536 0.138603 -0.086809 0.000000 -0.139936 0.990116 -0.009426 10.287800 0.084644 0.021447 0.996180 0.000000 0.000000 0.000000 0.000000 1.000000
0.986610 0.137220 -0.088156 0.000000 -0.138415 0.990346 -0.007553 10.287800 0.086268 0.019654 0.996078 0.000000 0.000000 0.000000 0.000000 1.000000
0.986897 0.134354 -0.089351 0.000000 -0.135394 0.990776 -0.005655 10.287800 0.087767 0.017678 0.995984 0.000000 0.000000 0.000000 0.000000 1.000000
0.987335 0.130304 -0.090504 0.000000 -0.131193 0.991349 -0.003923 10.287800 0.089210 0.015747 0.995888 0.000000 0.000000 0.000000 0.000000 1.000000
0.987932 0.125035 -0.091416 0.000000 -0.125779 0.992055 -0.002407 10.287800 0.090389 0.013876 0.995810 0.000000 0.000000 0.000000 0.000000 1.000000
0.988678 0.118573 -0.091961 0.000000 -0.119176 0.992873 -0.001076 10.287800 0.091178 0.012023 0.995762 0.000000 0.000000 0.000000 0.000000 1.000000
0.989460 0.111512 -0.092382 0.000000 -0.111977 0.993711 0.000149 10.287800 0.091818 0.010197 0.995724 0.000000 0.000000 0.000000 0.000000 1.000000
0.990311 0.103745 -0.092308 0.000000 -0.104098 0.994567 0.001000 10.287800 0.091910 0.008619 0.995730 0.000000 0.000000 0.000000 0.000000 1.000000
0.991182 0.095559 -0.091800 0.000000 -0.095823 0.995397 0.001541 10.287800 0.091525 0.007269 0.995776 -0.000000 0.000000 0.000000 0.000000 1.000000
0.991989 0.087423 -0.091191 0.000000 -0.087603 0.996153 0.002030 10.287800 0.091017 0.005975 0.995831 0.000000 0.000000 0.000000 0.000000 1.000000
0.992725 0.079484 -0.090441 0.000000 -0.079589 0.996825 0.002441 10.287800 0.090348 0.004774 0.995899 0.000000 0.000000 0.000000 0.000000 1.000000
0.993388 0.071889 -0.089512 -0.000000 -0.071931 0.997406 0.002753 10.287800 0.089477 0.003704 0.995982 -0.000000 0.000000 0.000000 0.000000 1.000000
0.993979 0.064785 -0.088364 0.000000 -0.064779 0.997895 0.002948 10.287800 0.088369 0.002793 0.996084 0.000000 0.000000 0.000000 0.000000 1.000000
0.994517 0.058364 -0.086769 0.000000 -0.058336 0.998293 0.002867 10.287800 0.086788 0.002210 0.996224 0.000000 0.000000 0.000000 0.000000 1.000000
0.995031 0.052355 -0.084684 0.000000 -0.052329 0.998627 0.002520 10.287800 0.084700 0.001924 0.996405 0.000000 0.000000 0.000000 0.000000 1.000000
0.995513 0.046412 -0.082460 0.000000 -0.046396 0.998921 0.002109 10.287800 0.082469 0.001726 0.996592 -0.000000 0.000000 0.000000 0.000000 1.000000
0.995983 0.040566 -0.079822 0.000000 -0.040580 0.999175 0.001447 10.287800 0.079815 0.001798 0.996808 0.000000 0.000000 0.000000 0.000000 1.000000
0.996523 0.033860 -0.076130 0.000000 -0.033958 0.999423 0.000009 10.287800 0.076086 0.002577 0.997098 0.000000 0.000000 0.000000 0.000000 1.000000
0.997098 0.026344 -0.071422 0.000000 -0.026554 0.999645 -0.001989 10.287800 0.071344 0.003879 0.997444 0.000000 0.000000 0.000000 0.000000 1.000000
0.997641 0.018876 -0.065997 -0.000000 -0.019179 0.999808 -0.003962 10.287800 0.065909 0.005219 0.997812 -0.000000 0.000000 0.000000 0.000000 1.000000
0.998183 0.011614 -0.059129 0.000000 -0.011983 0.999911 -0.005878 10.287800 0.059055 0.006575 0.998233 0.000000 0.000000 0.000000 0.000000 1.000000
0.998671 0.006217 -0.051169 0.000000 -0.006586 0.999953 -0.007051 10.287800 0.051123 0.007378 0.998665 0.000000 0.000000 0.000000 0.000000 1.000000
0.999099 0.002557 -0.042361 0.000000 -0.002881 0.999967 -0.007590 10.287800 0.042341 0.007705 0.999074 -0.000000 0.000000 0.000000 0.000000 1.000000
0.999463 -0.000429 -0.032750 0.000000 0.000149 0.999963 -0.008554 10.287800 0.032752 0.008544 0.999427 0.000000 0.000000 0.000000 0.000000 1.000000
0.999736 -0.003112 -0.022765 0.000000 0.002888 0.999947 -0.009868 10.287800 0.022794 0.009800 0.999692 0.000000 0.000000 0.000000 0.000000 1.000000
0.999904 -0.005470 -0.012718 0.000000 0.005325 0.999921 -0.011397 10.287800 0.012779 0.011328 0.999854 0.000000 0.000000 0.000000 0.000000 1.000000
0.999973 -0.006904 -0.002613 0.000000 0.006867 0.999884 -0.013611 10.287800 0.002706 0.013592 0.999904 0.000000 0.000000 0.000000 0.000000 1.000000
0.999938 -0.008290 0.007482 0.000000 0.008408 0.999839 -0.015844 10.287800 -0.007350 0.015906 0.999846 0.000000 0.000000 0.000000 0.000000 1.000000
0.999810 -0.009304 0.017121 0.000000 0.009620 0.999783 -0.018470 10.287800 -0.016946 0.018631 0.999683 0.000000 0.000000 0.000000 0.000000 1.000000
0.999593 -0.010225 0.026625 0.000000 0.010791 0.999717 -0.021200 10.287800 -0.026400 0.021479 0.999421 -0.000000 0.000000 0.000000 0.000000 1.000000
0.999291 -0.011051 0.035980 0.000000 0.011920 0.999640 -0.024041 10.287800 -0.035701 0.024453 0.999063 0.000000 0.000000 0.000000 0.000000 1.000000
0.998910 -0.011753 0.045177 0.000000 0.012981 0.999551 -0.026995 10.287800 -0.044839 0.027552 0.998614 0.000000 0.000000 0.000000 0.000000 1.000000
0.998454 -0.012344 0.054201 0.000000 0.013988 0.999450 -0.030067 10.287800 -0.053800 0.030778 0.998077 -0.000000 0.000000 0.000000 0.000000 1.000000
0.997943 -0.012684 0.062837 0.000000 0.014807 0.999331 -0.033429 10.287800 -0.062371 0.034291 0.997464 -0.000000 0.000000 0.000000 0.000000 1.000000
0.997372 -0.012887 0.071291 0.000000 0.015552 0.999196 -0.036961 10.287800 -0.070758 0.037973 0.996770 0.000000 0.000000 0.000000 0.000000 1.000000</float_array>
        <technique_common>
          <accessor source="#mixamorig1_Spine1-Matrix-animation-output-transform-array" count="71" stride="16">
            <param type="float4x4"/>
          </accessor>
        </technique_common>
      </source>
      <source id="mixamorig1_Spine1-Interpolations">
        <Name_array id="mixamorig1_Spine1-Interpolations-array" count="71">
 LINEAR LINEAR LINEAR LINEAR LINEAR LINEAR LINEAR LINEAR LINEAR LINEAR LINEAR
LINEAR LINEAR LINEAR LINEAR LINEAR LINEAR LINEAR LINEAR LINEAR LINEAR LINEAR LINEAR
LINEAR LINEAR LINEAR LINEAR LINEAR LINEAR LINEAR LINEAR LINEAR LINEAR LINEAR LINEAR
LINEAR LINEAR LINEAR LINEAR LINEAR LINEAR LINEAR LINEAR LINEAR LINEAR LINEAR LINEAR
LINEAR LINEAR LINEAR LINEAR LINEAR LINEAR LINEAR LINEAR LINEAR LINEAR LINEAR LINEAR
