<?xml version="1.0" encoding="utf-8"?>
<COLLADA xmlns="http://www.collada.org/2005/11/COLLADASchema" version="1.4.1">
  <asset>
    <contributor>
      <author>Mixamo</author>
      <authoring_tool>COLLADA Mixamo exporter</authoring_tool>
      <comments/>
    </contributor>
    <created>2024-04-19T00:41:10Z</created>
    <modified>2024-04-19T00:41:10Z</modified>
    <revision/>
    <title/>
    <unit meter="0.010000"/>
    <up_axis>Y_UP</up_axis>
  </asset>
  <library_animations>
    <animation id="mixamorig1_Hips-anim" name="mixamorig1_Hips">
      <source id="mixamorig1_Hips-Matrix-animation-input">
        <float_array id="mixamorig1_Hips-Matrix-animation-input-array" count="21">

0.000000 0.033333 0.066667 0.100000 0.133333 0.166667 0.200000 0.233333 0.266667 0.300000 0.333333 0.366667 0.400000 0.433333 0.466667 0.500000
0.533333 0.566667 0.600000 0.633333 0.666667</float_array>
        <technique_common>
          <accessor source="#mixamorig1_Hips-Matrix-animation-input-array" count="21">
            <param name="TIME" type="float"/>
          </accessor>
        </technique_common>
      </source>
      <source id="mixamorig1_Hips-Matrix-animation-output-transform">
        <float_array id="mixamorig1_Hips-Matrix-animation-output-transform-array" count="336">

0.993886 0.011356 0.109829 -0.359951 0.109253 0.042734 -0.993095 60.761330 -0.015971 0.999022 0.041232 -0.269485 0.000000 0.000000 0.000000 1.000000
0.974945 0.006843 0.222339 -2.895653 0.221980 0.034607 -0.974437 59.258171 -0.014363 0.999378 0.032221 -1.049083 0.000000 0.000000 0.000000 1.000000
0.950672 0.005318 0.310152 -5.114081 0.309828 0.032467 -0.950238 57.384773 -0.015123 0.999459 0.029218 -1.422741 0.000000 0.000000 0.000000 1.000000
0.932629 0.008553 0.360735 -6.285265 0.360199 0.037349 -0.932128 56.002060 -0.021445 0.999266 0.031752 -1.320582 0.000000 0.000000 0.000000 1.000000
0.918402 0.015102 0.395360 -6.924007 0.394443 0.043000 -0.917914 55.373646 -0.030863 0.998961 0.033534 -1.135890 0.000000 0.000000 0.000000 1.000000
0.928730 0.027934 0.369704 -6.417106 0.368233 0.046665 -0.928562 55.459679 -0.043191 0.998520 0.033053 -0.855597 0.000000 0.000000 0.000000 1.000000
0.965338 0.044042 0.257260 -4.712561 0.255257 0.046366 -0.965761 56.536190 -0.054462 0.997953 0.033517 -0.082536 0.000000 0.000000 0.000000 1.000000
0.992613 0.059975 0.105461 -2.546203 0.103065 0.041736 -0.993799 58.413277 -0.064004 0.997327 0.035247 1.171228 0.000000 0.000000 0.000000 1.000000
0.995585 0.073206 -0.058742 -0.179667 -0.061305 0.033259 -0.997565 60.182873 -0.071074 0.996762 0.037600 2.518061 0.000000 0.000000 0.000000 1.000000
0.975131 0.082329 -0.205770 2.140158 -0.208263 0.022846 -0.977806 60.614388 -0.075801 0.996343 0.039423 3.615922 0.000000 0.000000 0.000000 1.000000
0.944653 0.082983 -0.317403 4.261651 -0.319458 0.012427 -0.947519 59.696152 -0.074684 0.996473 0.038249 4.630332 0.000000 0.000000 0.000000 1.000000
0.910241 0.077727 -0.406717 6.578155 -0.408141 0.002677 -0.912915 58.066616 -0.069869 0.996971 0.034160 5.550705 0.000000 0.000000 0.000000 1.000000
0.870702 0.070811 -0.486687 8.724503 -0.487526 -0.006089 -0.873087 56.661980 -0.064787 0.997471 0.029221 6.299905 0.000000 0.000000 0.000000 1.000000
0.834240 0.066234 -0.547408 10.427576 -0.547896 -0.012190 -0.836458 55.733124 -0.062075 0.997730 0.026119 6.961541 0.000000 0.000000 0.000000 1.000000
0.820394 0.068380 -0.567695 10.998248 -0.568328 -0.011710 -0.822719 55.191811 -0.062905 0.997591 0.029256 7.448484 0.000000 0.000000 0.000000 1.000000
0.838100 0.079154 -0.539743 10.239669 -0.541310 -0.001962 -0.840821 55.065086 -0.067613 0.996860 0.041203 7.556729 0.000000 0.000000 0.000000 1.000000
0.867915 0.096671 -0.487215 8.908557 -0.490681 0.014458 -0.871219 55.863400 -0.077177 0.995211 0.059983 7.201047 0.000000 0.000000 0.000000 1.000000
0.908768 0.107873 -0.403119 7.224930 -0.408447 0.031979 -0.912222 57.163811 -0.085513 0.993650 0.073122 6.134027 0.000000 0.000000 0.000000 1.000000
0.953513 0.103292 -0.283097 5.205598 -0.289054 0.047855 -0.956116 58.546188 -0.085212 0.993499 0.075487 4.432537 0.000000 0.000000 0.000000 1.000000
0.993601 0.061966 -0.094427 2.476168 -0.097570 0.049814 -0.993981 59.847851 -0.056890 0.996834 0.055541 2.086164 0.000000 0.000000 0.000000 1.000000
0.993886 0.011339 0.109827 -0.357965 0.109252 0.042732 -0.993095 60.761330 -0.015954 0.999022 0.041232 -0.269474 0.000000 0.000000 0.000000 1.000000</float_array>
        <technique_common>
          <accessor source="#mixamorig1_Hips-Matrix-animation-output-transform-array" count="21" stride="16">
            <param type="float4x4"/>
          </accessor>
        </technique_common>
      </source>
      <source id="mixamorig1_Hips-Interpolations">
        <Name_array id="mixamorig1_Hips-Interpolations-array" count="21">
 LINEAR LINEAR LINEAR LINEAR LINEAR LINEAR LINEAR LINEAR LINEAR LINEAR LINEAR
LINEAR LINEAR LINEAR LINEAR LINEAR LINEAR LINEAR LINEAR LINEAR LINEAR</Name_array>
        <technique_common>
          <accessor source="#mixamorig1_Hips-Interpolations-array" count="21">
            <param type="name"/>
          </accessor>
        </technique_common>
      </source>
      <sampler id="mixamorig1_Hips-Matrix-animation-transform">
        <input semantic="INPUT" source="#mixamorig1_Hips-Matrix-animation-input"/>
        <input semantic="OUTPUT" source="#mixamorig1_Hips-Matrix-animation-output-transform"/>
        <input semantic="INTERPOLATION" source="#mixamorig1_Hips-Interpolations"/>
      </sampler>
      <channel source="#mixamorig1_Hips-Matrix-animation-transform" target="mixamorig1_Hips/matrix"/>
    </animation>
    <animation id="mixamorig1_Spine-anim" name="mixamorig1_Spine">
      <source id="mixamorig1_Spine-Matrix-animation-input">
        <float_array id="mixamorig1_Spine-Matrix-animation-input-array" count="21">

0.000000 0.033333 0.066667 0.100000 0.133333 0.166667 0.200000 0.233333 0.266667 0.300000 0.333333 0.366667 0.400000 0.433333 0.466667 0.500000
0.533333 0.566667 0.600000 0.633333 0.666667</float_array>
        <technique_common>
          <accessor source="#mixamorig1_Spine-Matrix-animation-input-array" count="21">
            <param name="TIME" type="float"/>
          </accessor>
        </technique_common>
      </source>
      <source id="mixamorig1_Spine-Matrix-animation-output-transform">
        <float_array id="mixamorig1_Spine-Matrix-animation-output-transform-array" count="336">

0.999448 -0.019685 0.026773 0.000000 0.019771 0.999800 -0.002947 8.775200 -0.026710 0.003475 0.999637 -0.868600 0.000000 0.000000 0.000000 1.000000
0.999840 0.007919 -0.016054 -0.000000 -0.007937 0.999968 -0.001087 8.775200 0.016045 0.001214 0.999871 -0.868600 0.000000 0.000000 0.000000 1.000000
0.997939 0.039590 -0.050507 0.000000 -0.039473 0.999215 0.003312 8.775200 0.050598 -0.001311 0.998718 -0.868600 0.000000 0.000000 0.000000 1.000000
0.994484 0.072500 -0.075802 0.000000 -0.072204 0.997368 0.006651 8.775200 0.076084 -0.001141 0.997101 -0.868600 0.000000 0.000000 0.000000 1.000000
0.989764 0.103721 -0.098031 0.000000 -0.103188 0.994606 0.010503 8.775200 0.098592 -0.000279 0.995128 -0.868600 0.000000 0.000000 0.000000 1.000000
0.987549 0.116196 -0.106041 0.000000 -0.115429 0.993226 0.013355 8.775200 0.106874 -0.000948 0.994272 -0.868600 0.000000 0.000000 0.000000 1.000000
0.989947 0.105849 -0.093810 0.000000 -0.104932 0.994371 0.014672 8.775200 0.094835 -0.004681 0.995482 -0.868600 0.000000 0.000000 0.000000 1.000000
0.993517 0.086525 -0.073734 0.000000 -0.085591 0.996206 0.015734 8.775200 0.074815 -0.009321 0.997154 -0.868600 0.000000 0.000000 0.000000 1.000000
0.996940 0.061169 -0.048682 0.000000 -0.060433 0.998037 0.016441 8.775200 0.049592 -0.013449 0.998679 -0.868600 0.000000 0.000000 0.000000 1.000000
0.999231 0.032714 -0.021607 -0.000000 -0.032364 0.999342 0.016363 8.775200 0.022128 -0.015651 0.999633 -0.868600 0.000000 0.000000 0.000000 1.000000
0.999978 0.003256 0.005716 0.000000 -0.003339 0.999888 0.014605 8.775200 -0.005668 -0.014624 0.999877 -0.868600 0.000000 0.000000 0.000000 1.000000
0.998725 -0.032932 0.038261 0.000000 0.032519 0.999407 0.011351 8.775200 -0.038612 -0.010092 0.999203 -0.868600 0.000000 0.000000 0.000000 1.000000
0.994801 -0.071652 0.072371 0.000000 0.071133 0.997419 0.009735 8.775200 -0.072882 -0.004537 0.997330 -0.868600 0.000000 0.000000 0.000000 1.000000
0.988634 -0.108009 0.104582 -0.000000 0.107569 0.994149 0.009850 8.775200 -0.105034 0.001512 0.994468 -0.868600 0.000000 0.000000 0.000000 1.000000
0.983033 -0.131659 0.127721 0.000000 0.131600 0.991263 0.008931 8.775200 -0.127781 0.008029 0.991770 -0.868600 0.000000 0.000000 0.000000 1.000000
0.980095 -0.140932 0.139828 0.000000 0.141698 0.989900 0.004509 8.775200 -0.139051 0.015394 0.990166 -0.868600 0.000000 0.000000 0.000000 1.000000
0.978685 -0.145029 0.145403 0.000000 0.146765 0.989171 -0.001229 8.775200 -0.143650 0.022543 0.989372 -0.868600 0.000000 0.000000 0.000000 1.000000
0.979841 -0.140493 0.142034 -0.000000 0.142929 0.989708 -0.007047 8.775200 -0.139583 0.027205 0.989837 -0.868600 0.000000 0.000000 0.000000 1.000000
0.984192 -0.123797 0.126647 0.000000 0.126281 0.991925 -0.011741 8.775200 -0.124171 0.027548 0.991878 -0.868600 0.000000 0.000000 0.000000 1.000000
0.994396 -0.072149 0.077268 0.000000 0.073131 0.997273 -0.009955 8.775200 -0.076340 0.015550 0.996961 -0.868600 0.000000 0.000000 0.000000 1.000000
0.999448 -0.019686 0.026773 0.000000 0.019771 0.999800 -0.002948 8.775200 -0.026710 0.003476 0.999637 -0.868600 0.000000 0.000000 0.000000 1.000000</float_array>
        <technique_common>
          <accessor source="#mixamorig1_Spine-Matrix-animation-output-transform-array" count="21" stride="16">
            <param type="float4x4"/>
          </accessor>
        </technique_common>
      </source>
      <source id="mixamorig1_Spine-Interpolations">
        <Name_array id="mixamorig1_Spine-Interpolations-array" count="21">
 LINEAR LINEAR LINEAR LINEAR LINEAR LINEAR LINEAR LINEAR LINEAR LINEAR LINEAR
LINEAR LINEAR LINEAR LINEAR LINEAR LINEAR LINEAR LINEAR LINEAR LINEAR</Name_array>
        <technique_common>
          <accessor source="#mixamorig1_Spine-Interpolations-array" count="21">
            <param type="name"/>
          </accessor>
        </technique_common>
      </source>
      <sampler id="mixamorig1_Spine-Matrix-animation-transform">
        <input semantic="INPUT" source="#mixamorig1_Spine-Matrix-animation-input"/>
        <input semantic="OUTPUT" source="#mixamorig1_Spine-Matrix-animation-output-transform"/>
        <input semantic="INTERPOLATION" source="#mixamorig1_Spine-Interpolations"/>
      </sampler>
      <channel source="#mixamorig1_Spine-Matrix-animation-transform" target="mixamorig1_Spine/matrix"/>
    </animation>
    <animation id="mixamorig1_Spine1-anim" name="mixamorig1_Spine1">
      <source id="mixamorig1_Spine1-Matrix-animation-input">
        <float_array id="mixamorig1_Spine1-Matrix-animation-input-array" count="21">

0.000000 0.033333 0.066667 0.100000 0.133333 0.166667 0.200000 0.233333 0.266667 0.300000 0.333333 0.366667 0.400000 0.433333 0.466667 0.500000
0.533333 0.566667 0.600000 0.633333 0.666667</float_array>
        <technique_common>
          <accessor source="#mixamorig1_Spine1-Matrix-animation-input-array" count="21">
            <param name="TIME" type="float"/>
          </accessor>
        </technique_common>
      </source>
      <source id="mixamorig1_Spine1-Matrix-animation-output-transform">
        <float_array id="mixamorig1_Spine1-Matrix-animation-output-transform-array" count="336">

0.997417 0.042670 -0.057784 -0.000000 -0.052262 0.982956 -0.176256 10.287800 0.049278 0.178821 0.982647 0.000000 0.000000 0.000000 0.000000 1.000000
0.991310 0.074707 -0.108272 0.000000 -0.092187 0.981694 -0.166671 10.287800 0.093839 0.175204 0.980050 0.000000 0.000000 0.000000 0.000000 1.000000
0.987613 0.099651 -0.121201 0.000000 -0.118979 0.979187 -0.164427 10.287800 0.102293 0.176811 0.978915 0.000000 0.000000 0.000000 0.000000 1.000000
0.988780 0.105452 -0.105801 0.000000 -0.122993 0.976677 -0.175995 10.287800 0.084774 0.187033 0.978689 0.000000 0.000000 0.000000 0.000000 1.000000
0.990890 0.102935 -0.086841 0.000000 -0.117818 0.974938 -0.188719 10.287800 0.065238 0.197232 0.978184 -0.000000 0.000000 0.000000 0.000000 1.000000
0.993857 0.086878 -0.068562 0.000000 -0.098583 0.976496 -0.191667 10.287800 0.050299 0.197248 0.979062 0.000000 0.000000 0.000000 0.000000 1.000000
0.997458 0.057350 -0.042286 0.000000 -0.064179 0.980920 -0.183512 10.287800 0.030955 0.185759 0.982108 -0.000000 0.000000 0.000000 0.000000 1.000000
0.999668 0.022535 -0.012489 0.000000 -0.024327 0.985220 -0.169559 10.287800 0.008483 0.169806 0.985441 0.000000 0.000000 0.000000 0.000000 1.000000
0.999721 -0.013522 0.019352 0.000000 0.016337 0.987999 -0.153597 10.287800 -0.017043 0.153870 0.987944 0.000000 0.000000 0.000000 0.000000 1.000000
0.997568 -0.046756 0.051697 -0.000000 0.053603 0.988676 -0.140169 10.287800 -0.044558 0.142600 0.988777 0.000000 0.000000 0.000000 0.000000 1.000000
0.993607 -0.074639 0.084698 -0.000000 0.085589 0.987273 -0.134039 10.287800 -0.073616 0.140432 0.987350 0.000000 0.000000 0.000000 0.000000 1.000000
0.987637 -0.099300 0.121298 -0.000000 0.115573 0.984019 -0.135461 10.287800 -0.105909 0.147805 0.983330 0.000000 0.000000 0.000000 0.000000 1.000000
0.979703 -0.122715 0.158504 0.000000 0.145033 0.979771 -0.137894 10.287800 -0.138376 0.158083 0.977682 0.000000 0.000000 0.000000 0.000000 1.000000
0.971952 -0.140314 0.188734 0.000000 0.168125 0.975712 -0.140427 10.287800 -0.164446 0.168219 0.971936 0.000000 0.000000 0.000000 0.000000 1.000000
0.969849 -0.141813 0.198196 0.000000 0.172152 0.974299 -0.145279 10.287800 -0.172500 0.175018 0.969336 -0.000000 0.000000 0.000000 0.000000 1.000000
0.974850 -0.125225 0.184355 -0.000000 0.154654 0.975731 -0.155019 10.287800 -0.160469 0.179631 0.970558 0.000000 0.000000 0.000000 0.000000 1.000000
0.981282 -0.105221 0.161287 0.000000 0.132198 0.977076 -0.166873 10.287800 -0.140031 0.185071 0.972697 0.000000 0.000000 0.000000 0.000000 1.000000
0.988421 -0.080373 0.128699 -0.000000 0.102767 0.978631 -0.178104 10.287800 -0.111634 0.189268 0.975559 0.000000 0.000000 0.000000 0.000000 1.000000
0.995054 -0.050125 0.085764 0.000000 0.065443 0.980303 -0.186341 10.287800 -0.074734 0.191032 0.978735 0.000000 0.000000 0.000000 0.000000 1.000000
0.999894 -0.003732 0.014053 0.000000 0.006269 0.982712 -0.185035 10.287800 -0.013119 0.185104 0.982631 0.000000 0.000000 0.000000 0.000000 1.000000
0.997417 0.042670 -0.057784 0.000000 -0.052262 0.982956 -0.176257 10.287800 0.049278 0.178821 0.982647 -0.000000 0.000000 0.000000 0.000000 1.000000</float_array>
        <technique_common>
          <accessor source="#mixamorig1_Spine1-Matrix-animation-output-transform-array" count="21" stride="16">
            <param type="float4x4"/>
          </accessor>
        </technique_common>
      </source>
      <source id="mixamorig1_Spine1-Interpolations">
        <Name_array id="mixamorig1_Spine1-Interpolations-array" count="21">
 LINEAR LINEAR LINEAR LINEAR LINEAR LINEAR LINEAR LINEAR LINEAR LINEAR LINEAR
LINEAR LINEAR LINEAR LINEAR LINEAR LINEAR LINEAR LINEAR LINEAR LINEAR</Name_array>
        <technique_common>
          <accessor source="#mixamorig1_Spine1-Interpolations-array" count="21">
            <param type="name"/>
          </accessor>
        </technique_common>
      </source>
      <sampler id="mixamorig1_Spine1-Matrix-animation-transform">
        <input semantic="INPUT" source="#mixamorig1_Spine1-Matrix-animation-input"/>
        <input semantic="OUTPUT" source="#mixamorig1_Spine1-Matrix-animation-output-transform"/>
        <input semantic="INTERPOLATION" source="#mixamorig1_Spine1-Interpolations"/>
      </sampler>
      <channel source="#mixamorig1_Spine1-Matrix-animation-transform" target="mixamorig1_Spine1/matrix"/>
    </animation>
    <animation id="mixamorig1_Spine2-anim" name="mixamorig1_Spine2">
      <source id="mixamorig1_Spine2-Matrix-animation-input">
        <float_array id="mixamorig1_Spine2-Matrix-animation-input-array" count="21">

0.000000 0.033333 0.066667 0.100000 0.133333 0.166667 0.200000 0.233333 0.266667 0.300000 0.333333 0.366667 0.400000 0.433333 0.466667 0.500000
0.533333 0.566667 0.600000 0.633333 0.666667</float_array>
        <technique_common>
          <accessor source="#mixamorig1_Spine2-Matrix-animation-input-array" count="21">
            <param name="TIME" type="float"/>
          </accessor>
        </technique_common>
      </source>
      <source id="mixamorig1_Spine2-Matrix-animation-output-transform">
        <float_array id="mixamorig1_Spine2-Matrix-animation-output-transform-array" count="336">

0.998157 0.025687 -0.054986 -0.000000 -0.035277 0.982805 -0.181245 11.757500 0.049385 0.182851 0.981900 0.000000 0.000000 0.000000 0.000000 1.000000
0.992723 0.059783 -0.104536 -0.000000 -0.077634 0.981317 -0.176040 11.757500 0.092059 0.182874 0.978817 0.000000 0.000000 0.000000 0.000000 1.000000
0.989110 0.088910 -0.117288 -0.000000 -0.108621 0.978718 -0.174103 11.757500 0.099313 0.184947 0.977717 0.000000 0.000000 0.000000 0.000000 1.000000
0.989835 0.098396 -0.102689 0.000000 -0.115961 0.976404 -0.182178 11.757500 0.082340 0.192234 0.977889 0.000000 0.000000 0.000000 0.000000 1.000000
0.991474 0.098906 -0.084831 -0.000000 -0.113599 0.975012 -0.190913 11.757500 0.063829 0.198922 0.977935 0.000000 0.000000 0.000000 0.000000 1.000000
0.994049 0.085303 -0.067745 0.000000 -0.096833 0.976829 -0.190861 11.757500 0.049894 0.196285 0.979277 -0.000000 0.000000 0.000000 0.000000 1.000000
0.997357 0.058780 -0.042698 0.000000 -0.065566 0.981388 -0.180496 11.757500 0.031293 0.182819 0.982648 -0.000000 0.000000 0.000000 0.000000 1.000000
0.999531 0.027167 -0.014131 0.000000 -0.029128 0.985877 -0.164921 11.757500 0.009451 0.165255 0.986206 0.000000 0.000000 0.000000 0.000000 1.000000
0.999846 -0.005757 0.016605 0.000000 0.008152 0.988958 -0.147975 11.757500 -0.015570 0.148087 0.988852 -0.000000 0.000000 0.000000 0.000000 1.000000
0.998186 -0.036197 0.048102 -0.000000 0.042367 0.990055 -0.134151 11.757500 -0.042768 0.135945 0.989793 0.000000 0.000000 0.000000 0.000000 1.000000
0.994836 -0.061676 0.080604 0.000000 0.071712 0.989149 -0.128223 11.757500 -0.071822 0.133341 0.988464 0.000000 0.000000 0.000000 0.000000 1.000000
0.989543 -0.084174 0.117134 0.000000 0.099388 0.986418 -0.130776 11.757500 -0.104535 0.141050 0.984468 0.000000 0.000000 0.000000 0.000000 1.000000
0.982342 -0.105586 0.154452 0.000000 0.126804 0.982743 -0.134675 11.757500 -0.137567 0.151882 0.978778 0.000000 0.000000 0.000000 0.000000 1.000000
0.975089 -0.122367 0.185007 0.000000 0.149074 0.979138 -0.138080 11.757500 -0.164251 0.162220 0.972988 0.000000 0.000000 0.000000 0.000000 1.000000
0.972594 -0.126401 0.195151 0.000000 0.155452 0.977656 -0.141502 11.757500 -0.172905 0.167961 0.970512 0.000000 0.000000 0.000000 0.000000 1.000000
0.976332 -0.116100 0.182473 0.000000 0.143944 0.978518 -0.147590 11.757500 -0.161418 0.170363 0.972070 0.000000 0.000000 0.000000 0.000000 1.000000
0.981608 -0.103002 0.160739 -0.000000 0.128356 0.979336 -0.156286 11.757500 -0.141320 0.174044 0.974545 0.000000 0.000000 0.000000 0.000000 1.000000
0.987945 -0.084849 0.129479 0.000000 0.105964 0.980407 -0.166054 11.757500 -0.112853 0.177772 0.977579 -0.000000 0.000000 0.000000 0.000000 1.000000
0.994319 -0.060347 0.087682 0.000000 0.075058 0.981602 -0.175569 11.757500 -0.075474 0.181153 0.980555 0.000000 0.000000 0.000000 0.000000 1.000000
0.999714 -0.017344 0.016461 0.000000 0.020052 0.983101 -0.181962 11.757500 -0.013027 0.182240 0.983168 0.000000 0.000000 0.000000 0.000000 1.000000
0.998157 0.025687 -0.054986 -0.000000 -0.035277 0.982805 -0.181245 11.757500 0.049385 0.182851 0.981900 -0.000000 0.000000 0.000000 0.000000 1.000000</float_array>
        <technique_common>
          <accessor source="#mixamorig1_Spine2-Matrix-animation-output-transform-array" count="21" stride="16">
            <param type="float4x4"/>
          </accessor>
        </technique_common>
      </source>
      <source id="mixamorig1_Spine2-Interpolations">
        <Name_array id="mixamorig1_Spine2-Interpolations-array" count="21">
 LINEAR LINEAR LINEAR LINEAR LINEAR LINEAR LINEAR LINEAR LINEAR LINEAR LINEAR
LINEAR LINEAR LINEAR LINEAR LINEAR LINEAR LINEAR LINEAR LINEAR LINEAR</Name_array>
        <technique_common>
          <accessor source="#mixamorig1_Spine2-Interpolations-array" count="21">
            <param type="name"/>
          </accessor>
        </technique_common>
      </source>
      <sampler id="mixamorig1_Spine2-Matrix-animation-transform">
        <input semantic="INPUT" source="#mixamorig1_Spine2-Matrix-animation-input"/>
        <input semantic="OUTPUT" source="#mixamorig1_Spine2-Matrix-animation-output-transform"/>
        <input semantic="INTERPOLATION" source="#mixamorig1_Spine2-Interpolations"/>
      </sampler>
      <channel source="#mixamorig1_Spine2-Matrix-animation-transform" target="mixamorig1_Spine2/matrix"/>
    </animation>
    <animation id="mixamorig1_Neck-anim" name="mixamorig1_Neck">
      <source id="mixamorig1_Neck-Matrix-animation-input">
        <float_array id="mixamorig1_Neck-Matrix-animation-input-array" count="21">

0.000000 0.033333 0.066667 0.100000 0.133333 0.166667 0.200000 0.233333 0.266667 0.300000 0.333333 0.366667 0.400000 0.433333 0.466667 0.500000
0.533333 0.566667 0.600000 0.633333 0.666667</float_array>
        <technique_common>
          <accessor source="#mixamorig1_Neck-Matrix-animation-input-array" count="21">
            <param name="TIME" type="float"/>
          </accessor>
        </technique_common>
      </source>
      <source id="mixamorig1_Neck-Matrix-animation-output-transform">
        <float_array id="mixamorig1_Neck-Matrix-animation-output-transform-array" count="336">

0.989730 -0.090460 0.110690 0.000000 0.053985 0.953498 0.296526 13.227100 -0.132366 -0.287505 0.948588 0.000000 0.000000 0.000000 0.000000 1.000000
0.992020 -0.120967 0.035540 0.000000 0.106049 0.953031 0.283698 13.227100 -0.068189 -0.277665 0.958255 0.000000 0.000000 0.000000 0.000000 1.000000
0.987210 -0.153609 -0.042676 0.000000 0.159426 0.951786 0.262081 13.227100 0.000360 -0.265532 0.964102 0.000000 0.000000 0.000000 0.000000 1.000000
0.979215 -0.174696 -0.103046 0.000000 0.195166 0.949860 0.244289 13.227100 0.055203 -0.259322 0.964212 0.000000 0.000000 0.000000 0.000000 1.000000
0.977631 -0.168837 -0.125424 0.000000 0.195881 0.948069 0.250591 13.227100 0.076601 -0.269554 0.959934 0.000000 0.000000 0.000000 0.000000 1.000000
0.985620 -0.131331 -0.106331 -0.000000 0.156930 0.944761 0.287749 13.227100 0.062667 -0.300298 0.951785 0.000000 0.000000 0.000000 0.000000 1.000000
0.992205 -0.097261 -0.077911 -0.000000 0.117175 0.940968 0.317566 13.227100 0.042424 -0.324220 0.945030 0.000000 0.000000 0.000000 0.000000 1.000000
0.994669 -0.087471 -0.054607 0.000000 0.100545 0.940234 0.325347 13.227100 0.022885 -0.329103 0.944017 0.000000 0.000000 0.000000 0.000000 1.000000
0.995772 -0.087274 -0.028659 0.000000 0.091851 0.941686 0.323715 13.227100 -0.001264 -0.324979 0.945720 -0.000000 0.000000 0.000000 0.000000 1.000000
0.996552 -0.082909 -0.003126 -0.000000 0.079651 0.945481 0.315786 13.227100 -0.023226 -0.314946 0.948825 0.000000 0.000000 0.000000 0.000000 1.000000
0.997965 -0.060515 0.020094 0.000000 0.051650 0.951980 0.301771 13.227100 -0.037390 -0.300119 0.953169 0.000000 0.000000 0.000000 0.000000 1.000000
0.998881 -0.018857 0.043369 0.000000 0.006174 0.961212 0.275742 13.227100 -0.046887 -0.275166 0.960253 0.000000 0.000000 0.000000 0.000000 1.000000
0.997822 0.022610 0.061971 -0.000000 -0.037402 0.967741 0.249154 13.227100 -0.054339 -0.250929 0.966479 0.000000 0.000000 0.000000 0.000000 1.000000
0.996543 0.045679 0.069389 0.000000 -0.060932 0.969656 0.236757 13.227100 -0.056469 -0.240167 0.969088 0.000000 0.000000 0.000000 0.000000 1.000000
0.996489 0.054052 0.063932 0.000000 -0.067842 0.968808 0.238346 13.227100 -0.049055 -0.241847 0.969074 -0.000000 0.000000 0.000000 0.000000 1.000000
0.996931 0.049300 0.060810 0.000000 -0.062763 0.967623 0.244471 13.227100 -0.046789 -0.247537 0.967748 0.000000 0.000000 0.000000 0.000000 1.000000
0.997256 0.031900 0.066800 0.000000 -0.047749 0.966765 0.251170 13.227100 -0.056568 -0.253671 0.965635 0.000000 0.000000 0.000000 0.000000 1.000000
0.997065 0.005244 0.076374 0.000000 -0.025025 0.965167 0.260435 13.227100 -0.072348 -0.261582 0.962466 0.000000 0.000000 0.000000 0.000000 1.000000
0.995768 -0.026699 0.087939 -0.000000 0.001808 0.962377 0.271713 13.227100 -0.091885 -0.270404 0.958352 0.000000 0.000000 0.000000 0.000000 1.000000
0.993191 -0.059930 0.099896 0.000000 0.029246 0.958332 0.284155 13.227100 -0.112763 -0.279299 0.953560 0.000000 0.000000 0.000000 0.000000 1.000000
0.989730 -0.090460 0.110690 -0.000000 0.053985 0.953498 0.296526 13.227100 -0.132366 -0.287505 0.948589 0.000000 0.000000 0.000000 0.000000 1.000000</float_array>
        <technique_common>
          <accessor source="#mixamorig1_Neck-Matrix-animation-output-transform-array" count="21" stride="16">
            <param type="float4x4"/>
          </accessor>
        </technique_common>
      </source>
      <source id="mixamorig1_Neck-Interpolations">
        <Name_array id="mixamorig1_Neck-Interpolations-array" count="21">
 LINEAR LINEAR LINEAR LINEAR LINEAR LINEAR LINEAR LINEAR LINEAR LINEAR LINEAR
LINEAR LINEAR LINEAR LINEAR LINEAR LINEAR LINEAR LINEAR LINEAR LINEAR</Name_array>
        <technique_common>
          <accessor source="#mixamorig1_Neck-Interpolations-array" count="21">
            <param type="name"/>
          </accessor>
        </technique_common>
      </source>
      <sampler id="mixamorig1_Neck-Matrix-animation-transform">
        <input semantic="INPUT" source="#mixamorig1_Neck-Matrix-animation-input"/>
        <input semantic="OUTPUT" source="#mixamorig1_Neck-Matrix-animation-output-transform"/>
        <input semantic="INTERPOLATION" source="#mixamorig1_Neck-Interpolations"/>
      </sampler>
      <channel source="#mixamorig1_Neck-Matrix-animation-transform" target="mixamorig1_Neck/matrix"/>
    </animation>
    <animation id="mixamorig1_Head-anim" name="mixamorig1_Head">
      <source id="mixamorig1_Head-Matrix-animation-input">
        <float_array id="mixamorig1_Head-Matrix-animation-input-array" count="21">

0.000000 0.033333 0.066667 0.100000 0.133333 0.166667 0.200000 0.233333 0.266667 0.300000 0.333333 0.366667 0.400000 0.433333 0.466667 0.500000
0.533333 0.566667 0.600000 0.633333 0.666667</float_array>
        <technique_common>
          <accessor source="#mixamorig1_Head-Matrix-animation-input-array" count="21">
            <param name="TIME" type="float"/>
          </accessor>
        </technique_common>
      </source>
      <source id="mixamorig1_Head-Matrix-animation-output-transform">
        <float_array id="mixamorig1_Head-Matrix-animation-output-transform-array" count="336">

0.997897 0.021185 -0.061261 0.000000 -0.002161 0.955432 0.295204 6.113900 0.064785 -0.294451 0.953468 2.544900 0.000000 0.000000 0.000000 1.000000
0.996158 -0.043751 -0.075863 -0.000000 0.065186 0.948927 0.308689 6.113900 0.058483 -0.312448 0.948133 2.544900 0.000000 0.000000 0.000000 1.000000
0.989554 -0.111812 -0.091003 -0.000000 0.135404 0.937541 0.320440 6.113900 0.049490 -0.329415 0.942887 2.544900 0.000000 0.000000 0.000000 1.000000
0.981423 -0.162897 -0.101355 -0.000000 0.187807 0.923658 0.334042 6.113900 0.039203 -0.346872 0.937093 2.544900 0.000000 0.000000 0.000000 1.000000
0.979070 -0.175917 -0.102352 0.000000 0.201160 0.912879 0.355227 6.113900 0.030944 -0.368381 0.929160 2.544900 0.000000 0.000000 0.000000 1.000000
0.984833 -0.145923 -0.093864 -0.000000 0.171116 0.906330 0.386374 6.113900 0.028691 -0.396576 0.917554 2.544900 0.000000 0.000000 0.000000 1.000000
0.990384 -0.113740 -0.078755 0.000000 0.136161 0.902134 0.409407 6.113900 0.024482 -0.416194 0.908946 2.544900 0.000000 0.000000 0.000000 1.000000
0.993168 -0.101730 -0.057164 0.000000 0.116333 0.901540 0.416765 6.113900 0.009138 -0.420568 0.907215 2.544900 0.000000 0.000000 0.000000 1.000000
0.994982 -0.095326 -0.030404 0.000000 0.099322 0.904189 0.415424 6.113900 -0.012110 -0.416359 0.909119 2.544900 0.000000 0.000000 0.000000 1.000000
0.996395 -0.084767 -0.003449 -0.000000 0.078801 0.909664 0.407801 6.113900 -0.031430 -0.406602 0.913064 2.544900 0.000000 0.000000 0.000000 1.000000
0.998013 -0.059707 0.020141 0.000000 0.046958 0.917859 0.394118 6.113900 -0.042018 -0.392389 0.918839 2.544900 0.000000 0.000000 0.000000 1.000000
0.998895 -0.017982 0.043419 -0.000000 0.000697 0.929466 0.368907 6.113900 -0.046990 -0.368469 0.928452 2.544900 0.000000 0.000000 0.000000 1.000000
0.997818 0.022763 0.061979 0.000000 -0.042719 0.938316 0.343131 6.113900 -0.050346 -0.345030 0.937240 2.544900 0.000000 0.000000 0.000000 1.000000
0.996487 0.044775 0.070767 0.000000 -0.065842 0.941085 0.331698 6.113900 -0.051746 -0.335193 0.940728 2.544900 0.000000 0.000000 0.000000 1.000000
0.996283 0.050024 0.070133 0.000000 -0.070783 0.939384 0.335481 6.113900 -0.049099 -0.339198 0.939433 2.544900 0.000000 0.000000 0.000000 1.000000
0.996932 0.049291 0.060810 0.000000 -0.067058 0.938536 0.338606 6.113900 -0.040382 -0.341644 0.938961 2.544900 0.000000 0.000000 0.000000 1.000000
0.997949 0.047084 0.043358 0.000000 -0.058897 0.940709 0.334061 6.113900 -0.025059 -0.335930 0.941553 2.544900 0.000000 0.000000 0.000000 1.000000
0.998925 0.041894 0.019824 0.000000 -0.046073 0.944058 0.326546 6.113900 -0.005035 -0.327108 0.944974 2.544900 0.000000 0.000000 0.000000 1.000000
0.999361 0.034996 -0.007205 0.000000 -0.030913 0.947983 0.316818 6.113900 0.017918 -0.316393 0.948459 2.544900 0.000000 0.000000 0.000000 1.000000
0.999000 0.027668 -0.035110 0.000000 -0.015613 0.951931 0.305913 6.113900 0.041886 -0.305059 0.951412 2.544900 0.000000 0.000000 0.000000 1.000000
0.997897 0.021185 -0.061261 0.000000 -0.002161 0.955432 0.295205 6.113900 0.064785 -0.294451 0.953468 2.544900 0.000000 0.000000 0.000000 1.000000</float_array>
        <technique_common>
          <accessor source="#mixamorig1_Head-Matrix-animation-output-transform-array" count="21" stride="16">
            <param type="float4x4"/>
          </accessor>
        </technique_common>
      </source>
      <source id="mixamorig1_Head-Interpolations">
        <Name_array id="mixamorig1_Head-Interpolations-array" count="21">
 LINEAR LINEAR LINEAR LINEAR LINEAR LINEAR LINEAR LINEAR LINEAR LINEAR LINEAR
LINEAR LINEAR LINEAR LINEAR LINEAR LINEAR LINEAR LINEAR LINEAR LINEAR</Name_array>
        <technique_common>
          <accessor source="#mixamorig1_Head-Interpolations-array" count="21">
            <param type="name"/>
          </accessor>
        </technique_common>
      </source>
      <sampler id="mixamorig1_Head-Matrix-animation-transform">
        <input semantic="INPUT" source="#mixamorig1_Head-Matrix-animation-input"/>
        <input semantic="OUTPUT" source="#mixamorig1_Head-Matrix-animation-output-transform"/>
        <input semantic="INTERPOLATION" source="#mixamorig1_Head-Interpolations"/>
      </sampler>
      <channel source="#mixamorig1_Head-Matrix-animation-transform" target="mixamorig1_Head/matrix"/>
    </animation>
    <animation id="mixamorig1_LeftShoulder-anim" name="mixamorig1_LeftShoulder">
      <source id="mixamorig1_LeftShoulder-Matrix-animation-input">
        <float_array id="mixamorig1_LeftShoulder-Matrix-animation-input-array" count="21">

0.000000 0.033333 0.066667 0.100000 0.133333 0.166667 0.200000 0.233333 0.266667 0.300000 0.333333 0.366667 0.400000 0.433333 0.466667 0.500000
0.533333 0.566667 0.600000 0.633333 0.666667</float_array>
        <technique_common>
          <accessor source="#mixamorig1_LeftShoulder-Matrix-animation-input-array" count="21">
            <param name="TIME" type="float"/>
          </accessor>
        </technique_common>
      </source>
      <source id="mixamorig1_LeftShoulder-Matrix-animation-output-transform">
        <float_array id="mixamorig1_LeftShoulder-Matrix-animation-output-transform-array" count="336">

0.398416 0.916000 -0.047002 5.884500 0.064698 -0.079184 -0.994758 11.763200 -0.914920 0.393287 -0.090811 -0.144300 0.000000 0.000000 0.000000 1.000000
0.573210 0.812103 -0.109175 5.884500 0.088253 -0.193647 -0.977094 11.763200 -0.814642 0.550445 -0.182671 -0.144300 0.000000 0.000000 0.000000 1.000000
0.662673 0.684144 -0.304649 5.884500 0.023603 -0.425668 -0.904572 11.763200 -0.748537 0.592245 -0.298227 -0.144300 0.000000 0.000000 0.000000 1.000000
0.631825 0.748019 -0.203137 5.884500 0.079654 -0.323347 -0.942922 11.763200 -0.771007 0.579581 -0.263882 -0.144300 0.000000 0.000000 0.000000 1.000000
0.560756 0.824425 -0.076655 5.884500 0.117783 -0.171065 -0.978194 11.763200 -0.819561 0.539499 -0.193029 -0.144300 0.000000 0.000000 0.000000 1.000000
0.451562 0.889751 -0.066598 5.884500 0.103539 -0.126392 -0.986562 11.763200 -0.886212 0.438598 -0.149198 -0.144300 0.000000 0.000000 0.000000 1.000000
0.313160 0.925096 -0.214777 5.884500 0.036122 -0.237591 -0.970693 11.763200 -0.949013 0.296224 -0.107820 -0.144300 0.000000 0.000000 0.000000 1.000000
0.187450 0.947235 -0.260015 5.884500 -0.009926 -0.262867 -0.964781 11.763200 -0.982224 0.183429 -0.039872 -0.144300 0.000000 0.000000 0.000000 1.000000
0.094518 0.981885 -0.164217 5.884500 -0.000284 -0.164929 -0.986305 11.763200 -0.995523 0.093270 -0.015310 -0.144300 0.000000 0.000000 0.000000 1.000000
0.039481 0.996366 -0.075470 5.884500 0.025039 -0.076492 -0.996756 11.763200 -0.998907 0.037463 -0.027968 -0.144300 0.000000 0.000000 0.000000 1.000000
0.072749 0.997346 -0.002842 5.884500 0.025425 -0.004703 -0.999666 11.763200 -0.997026 0.072653 -0.025699 -0.144300 0.000000 0.000000 0.000000 1.000000
0.208587 0.977501 0.031347 5.884500 0.023773 0.026975 -0.999353 11.763200 -0.977715 0.209198 -0.017612 -0.144300 0.000000 0.000000 0.000000 1.000000
0.333501 0.942749 -0.000778 5.884500 0.046388 -0.017234 -0.998775 11.763200 -0.941608 0.333056 -0.049480 -0.144300 0.000000 0.000000 0.000000 1.000000
0.398416 0.916000 -0.047002 5.884500 0.064698 -0.079184 -0.994758 11.763200 -0.914920 0.393287 -0.090812 -0.144300 0.000000 0.000000 0.000000 1.000000
0.398416 0.916000 -0.047002 5.884500 0.064698 -0.079184 -0.994758 11.763200 -0.914920 0.393287 -0.090812 -0.144300 0.000000 0.000000 0.000000 1.000000
0.398416 0.916000 -0.047002 5.884500 0.064698 -0.079184 -0.994758 11.763200 -0.914920 0.393287 -0.090811 -0.144300 0.000000 0.000000 0.000000 1.000000
0.398416 0.916000 -0.047002 5.884500 0.064698 -0.079184 -0.994758 11.763200 -0.914920 0.393287 -0.090812 -0.144300 0.000000 0.000000 0.000000 1.000000
0.398416 0.916000 -0.047002 5.884500 0.064698 -0.079184 -0.994758 11.763200 -0.914920 0.393287 -0.090812 -0.144300 0.000000 0.000000 0.000000 1.000000
0.398416 0.916000 -0.047002 5.884500 0.064698 -0.079184 -0.994758 11.763200 -0.914920 0.393287 -0.090812 -0.144300 0.000000 0.000000 0.000000 1.000000
0.398416 0.916000 -0.047002 5.884500 0.064698 -0.079184 -0.994758 11.763200 -0.914920 0.393287 -0.090812 -0.144300 0.000000 0.000000 0.000000 1.000000
0.398416 0.916000 -0.047002 5.884500 0.064698 -0.079184 -0.994758 11.763200 -0.914920 0.393287 -0.090812 -0.144300 0.000000 0.000000 0.000000 1.000000</float_array>
        <technique_common>
          <accessor source="#mixamorig1_LeftShoulder-Matrix-animation-output-transform-array" count="21" stride="16">
            <param type="float4x4"/>
          </accessor>
        </technique_common>
      </source>
      <source id="mixamorig1_LeftShoulder-Interpolations">
        <Name_array id="mixamorig1_LeftShoulder-Interpolations-array" count="21">
 LINEAR LINEAR LINEAR LINEAR LINEAR LINEAR LINEAR LINEAR LINEAR LINEAR LINEAR
LINEAR LINEAR LINEAR LINEAR LINEAR LINEAR LINEAR LINEAR LINEAR LINEAR</Name_array>
        <technique_common>
          <accessor source="#mixamorig1_LeftShoulder-Interpolations-array" count="21">
            <param type="name"/>
          </accessor>
        </technique_common>
      </source>
      <sampler id="mixamorig1_LeftShoulder-Matrix-animation-transform">
        <input semantic="INPUT" source="#mixamorig1_LeftShoulder-Matrix-animation-input"/>
        <input semantic="OUTPUT" source="#mixamorig1_LeftShoulder-Matrix-animation-output-transform"/>
        <input semantic="INTERPOLATION" source="#mixamorig1_LeftShoulder-Interpolations"/>
      </sampler>
      <channel source="#mixamorig1_LeftShoulder-Matrix-animation-transform" target="mixamorig1_LeftShoulder/matrix"/>
    </animation>
    <animation id="mixamorig1_LeftArm-anim" name="mixamorig1_LeftArm">
      <source id="mixamorig1_LeftArm-Matrix-animation-input">
        <float_array id="mixamorig1_LeftArm-Matrix-animation-input-array" count="21">

0.000000 0.033333 0.066667 0.100000 0.133333 0.166667 0.200000 0.233333 0.266667 0.300000 0.333333 0.366667 0.400000 0.433333 0.466667 0.500000
0.533333 0.566667 0.600000 0.633333 0.666667</float_array>
        <technique_common>
          <accessor source="#mixamorig1_LeftArm-Matrix-animation-input-array" count="21">
            <param name="TIME" type="float"/>
          </accessor>
        </technique_common>
      </source>
      <source id="mixamorig1_LeftArm-Matrix-animation-output-transform">
        <float_array id="mixamorig1_LeftArm-Matrix-animation-output-transform-array" count="336">

0.668657 -0.692410 -0.271047 0.000000 0.480118 0.680388 -0.553677 12.013200 0.567789 0.240085 0.787385 0.000000 0.000000 0.000000 0.000000 1.000000
0.820414 -0.455480 -0.345628 0.000000 0.283025 0.848743 -0.446690 12.013200 0.496808 0.268649 0.825233 0.000000 0.000000 0.000000 0.000000 1.000000
0.900583 -0.264479 -0.344965 0.000000 0.258090 0.963916 -0.065237 12.013200 0.349771 -0.030281 0.936346 0.000000 0.000000 0.000000 0.000000 1.000000
0.976774 -0.198501 -0.080685 0.000000 0.199442 0.979903 0.003701 12.013200 0.078329 -0.019707 0.996733 0.000000 0.000000 0.000000 0.000000 1.000000
0.996435 -0.080822 0.024194 0.000000 0.079220 0.994982 0.061121 12.013200 -0.029012 -0.058986 0.997837 0.000000 0.000000 0.000000 0.000000 1.000000
0.996374 0.049744 -0.069031 0.000000 -0.043684 0.995278 0.086683 12.013200 0.073017 -0.083354 0.993841 0.000000 0.000000 0.000000 0.000000 1.000000
0.939804 0.120131 -0.319902 -0.000000 -0.087423 0.989539 0.114763 12.013200 0.330342 -0.079888 0.940474 0.000000 0.000000 0.000000 0.000000 1.000000
0.795459 -0.155192 -0.585799 0.000000 0.196534 0.980471 0.007125 12.013200 0.573253 -0.120798 0.810425 0.000000 0.000000 0.000000 0.000000 1.000000
0.649716 -0.380100 -0.658326 0.000000 0.349073 0.918490 -0.185804 12.013200 0.675290 -0.109084 0.729441 0.000000 0.000000 0.000000 0.000000 1.000000
0.569524 -0.541790 -0.618147 0.000000 0.433974 0.836865 -0.333653 12.013200 0.698075 -0.078236 0.711737 0.000000 0.000000 0.000000 0.000000 1.000000
0.445096 -0.540892 -0.713670 0.000000 0.592858 0.775284 -0.217839 12.013200 0.671125 -0.326146 0.665748 -0.000000 0.000000 0.000000 0.000000 1.000000
0.387734 -0.473941 -0.790596 0.000000 0.748743 0.662193 -0.029759 12.013200 0.537631 -0.580415 0.611614 -0.000000 0.000000 0.000000 0.000000 1.000000
0.561443 -0.546052 -0.621779 0.000000 0.522982 0.816441 -0.244773 12.013200 0.641304 -0.187753 0.743961 0.000000 0.000000 0.000000 0.000000 1.000000
0.646956 -0.522778 -0.555114 -0.000000 0.325514 0.847670 -0.418923 12.013200 0.689557 0.090328 0.718576 0.000000 0.000000 0.000000 0.000000 1.000000
0.730831 -0.528775 -0.431605 0.000000 0.235790 0.788990 -0.567360 12.013200 0.640538 0.312877 0.701298 -0.000000 0.000000 0.000000 0.000000 1.000000
0.781181 -0.521073 -0.343859 0.000000 0.203100 0.732939 -0.649270 12.013200 0.590344 0.437360 0.678388 -0.000000 0.000000 0.000000 0.000000 1.000000
0.798444 -0.530438 -0.284819 0.000000 0.221516 0.698700 -0.680256 12.013200 0.559837 0.480055 0.675374 -0.000000 0.000000 0.000000 0.000000 1.000000
