<?xml version="1.0" encoding="utf-8"?>
<COLLADA xmlns="http://www.collada.org/2005/11/COLLADASchema" version="1.4.1">
  <asset>
    <contributor>
      <author>Mixamo</author>
      <authoring_tool>COLLADA Mixamo exporter</authoring_tool>
      <comments/>
    </contributor>
    <created>2024-04-09T21:57:52Z</created>
    <modified>2024-04-09T21:57:52Z</modified>
    <revision/>
    <title/>
    <unit meter="0.010000"/>
    <up_axis>Y_UP</up_axis>
  </asset>
  <library_animations>
    <animation id="mixamorig_Hips-anim" name="mixamorig_Hips">
      <source id="mixamorig_Hips-Matrix-animation-input">
        <float_array id="mixamorig_Hips-Matrix-animation-input-array" count="58">

0.000000 0.033333 0.066667 0.100000 0.133333 0.166667 0.200000 0.233333 0.266667 0.300000 0.333333 0.366667 0.400000 0.433333 0.466667 0.500000
0.533333 0.566667 0.600000 0.633333 0.666667 0.700000 0.733333 0.766667 0.800000 0.833333 0.866667 0.900000 0.933333 0.966667 1.000000 1.033333
1.066667 1.100000 1.133333 1.166667 1.200000 1.233333 1.266667 1.300000 1.333333 1.366667 1.400000 1.433333 1.466667 1.500000 1.533333 1.566667
1.600000 1.633333 1.666667 1.700000 1.733333 1.766667 1.800000 1.833333 1.866667 1.900000</float_array>
        <technique_common>
          <accessor source="#mixamorig_Hips-Matrix-animation-input-array" count="58">
            <param name="TIME" type="float"/>
          </accessor>
        </technique_common>
      </source>
      <source id="mixamorig_Hips-Matrix-animation-output-transform">
        <float_array id="mixamorig_Hips-Matrix-animation-output-transform-array" count="928">

0.729734 0.050809 -0.681841 0.587537 0.003002 0.996987 0.077506 96.553932 0.683725 -0.058606 0.727383 -1.456042 0.000000 0.000000 0.000000 1.000000
0.728742 0.042342 -0.683478 1.010159 -0.000706 0.998133 0.061082 96.463364 0.684788 -0.044030 0.727411 -1.547815 0.000000 0.000000 0.000000 1.000000
0.720648 0.014757 -0.693144 2.341682 -0.000666 0.999788 0.020592 95.464478 0.693301 -0.014378 0.720505 -1.965571 0.000000 0.000000 0.000000 1.000000
0.697310 -0.031663 -0.716070 4.266543 -0.006656 0.998695 -0.050641 93.125870 0.716738 0.040079 0.696189 -2.577688 0.000000 0.000000 0.000000 1.000000
0.665395 -0.087883 -0.741300 6.608898 -0.023126 0.990143 -0.138141 89.122627 0.746133 0.109062 0.656804 -3.320827 0.000000 0.000000 0.000000 1.000000
0.629348 -0.144329 -0.763603 9.044334 -0.049960 0.973055 -0.225094 83.342133 0.775516 0.179812 0.605180 -4.117416 0.000000 0.000000 0.000000 1.000000
0.602955 -0.197039 -0.773059 11.128625 -0.071792 0.951686 -0.298562 76.164551 0.794538 0.235519 0.559678 -4.847784 0.000000 0.000000 0.000000 1.000000
0.597823 -0.237259 -0.765713 12.729568 -0.058803 0.939644 -0.337062 68.515793 0.799468 0.246529 0.547790 -5.299398 0.000000 0.000000 0.000000 1.000000
0.596907 -0.260145 -0.758964 13.498447 -0.021916 0.940334 -0.339548 61.938286 0.802011 0.219312 0.555590 -5.304662 0.000000 0.000000 0.000000 1.000000
0.599345 -0.243333 -0.762610 13.389360 0.001628 0.953047 -0.302818 57.774075 0.800489 0.180251 0.571600 -5.154058 0.000000 0.000000 0.000000 1.000000
0.617085 -0.178811 -0.766311 12.516030 0.011111 0.975723 -0.218728 56.365623 0.786818 0.126459 0.604090 -5.039932 0.000000 0.000000 0.000000 1.000000
0.643921 -0.109344 -0.757238 10.658836 0.020296 0.991828 -0.125960 58.362495 0.764823 0.065739 0.640878 -5.054677 0.000000 0.000000 0.000000 1.000000
0.684614 -0.055389 -0.726798 8.020317 0.028497 0.998380 -0.049243 63.748482 0.728349 0.013001 0.685083 -5.536364 0.000000 0.000000 0.000000 1.000000
0.726113 0.002633 -0.687571 4.862550 0.028189 0.999038 0.033595 71.874268 0.686998 -0.043776 0.725340 -6.056860 0.000000 0.000000 0.000000 1.000000
0.758038 0.059808 -0.649462 0.967964 0.040242 0.989600 0.138100 82.704674 0.650967 -0.130821 0.747748 -5.646198 0.000000 0.000000 0.000000 1.000000
0.776624 0.091159 -0.623334 -3.462960 0.054104 0.976167 0.210168 95.943924 0.627637 -0.196946 0.753183 -4.257024 0.000000 0.000000 0.000000 1.000000
0.766713 0.087605 -0.635985 -7.524100 0.064727 0.975049 0.212343 107.645103 0.638719 -0.203972 0.741912 -3.460899 0.000000 0.000000 0.000000 1.000000
0.768266 0.041128 -0.638808 -8.469584 0.097667 0.978719 0.180472 120.721428 0.632636 -0.201041 0.747900 -3.676629 0.000000 0.000000 0.000000 1.000000
0.780817 -0.031045 -0.623988 -7.061129 0.143907 0.980845 0.131276 132.804153 0.607961 -0.192299 0.770328 -4.607738 0.000000 0.000000 0.000000 1.000000
0.770725 -0.112706 -0.627121 -4.863638 0.180661 0.982494 0.045458 142.724548 0.611019 -0.148332 0.777595 -5.638698 0.000000 0.000000 0.000000 1.000000
0.759912 -0.175688 -0.625833 -3.334068 0.222369 0.974956 -0.003686 150.412323 0.610807 -0.136365 0.779948 -6.888454 0.000000 0.000000 0.000000 1.000000
0.752720 -0.184608 -0.631927 -2.778571 0.239571 0.970877 0.001738 156.044891 0.613203 -0.152700 0.775026 -8.072496 0.000000 0.000000 0.000000 1.000000
0.756657 -0.142682 -0.638054 -2.818402 0.239393 0.968588 0.067295 159.460419 0.608409 -0.203665 0.767045 -8.820504 0.000000 0.000000 0.000000 1.000000
0.774232 -0.093420 -0.625969 -3.530722 0.251382 0.953075 0.168686 160.250778 0.580837 -0.287960 0.761385 -9.161197 0.000000 0.000000 0.000000 1.000000
0.799032 -0.043571 -0.599707 -4.467862 0.249486 0.931490 0.264732 158.545319 0.547087 -0.361149 0.755161 -9.183348 0.000000 0.000000 0.000000 1.000000
0.820254 -0.011734 -0.571879 -5.019488 0.228247 0.923458 0.308429 155.612442 0.524487 -0.383520 0.760148 -9.169745 0.000000 0.000000 0.000000 1.000000
0.834740 -0.013458 -0.550480 -4.972051 0.212259 0.930308 0.299122 152.543976 0.508090 -0.366534 0.779421 -8.776565 0.000000 0.000000 0.000000 1.000000
0.846090 -0.036706 -0.531775 -4.574267 0.201929 0.945343 0.256029 148.990433 0.493313 -0.324004 0.807257 -7.867879 0.000000 0.000000 0.000000 1.000000
0.854818 -0.068480 -0.514390 -4.191142 0.190150 0.963644 0.187705 144.843887 0.482835 -0.258265 0.836761 -6.501214 0.000000 0.000000 0.000000 1.000000
0.864202 -0.092266 -0.494613 -4.055501 0.165724 0.980386 0.106674 139.263977 0.475069 -0.174157 0.862542 -4.513060 0.000000 0.000000 0.000000 1.000000
0.884983 -0.098807 -0.455019 -4.186435 0.131957 0.990383 0.041587 131.024689 0.446534 -0.096846 0.889510 -1.556645 0.000000 0.000000 0.000000 1.000000
0.918243 -0.085740 -0.386624 -4.496671 0.101706 0.994593 0.020987 120.965271 0.382734 -0.058593 0.921999 1.645700 0.000000 0.000000 0.000000 1.000000
0.946429 -0.052735 -0.318577 -4.650973 0.065546 0.997410 0.029620 108.741600 0.316189 -0.048915 0.947434 4.214714 0.000000 0.000000 0.000000 1.000000
0.967748 -0.033232 -0.249718 -4.915927 0.036498 0.999298 0.008458 95.558418 0.249262 -0.017299 0.968282 5.052648 0.000000 0.000000 0.000000 1.000000
0.978275 -0.073900 -0.193694 -5.110516 0.060562 0.995424 -0.073910 83.634010 0.198269 0.060574 0.978274 3.956233 0.000000 0.000000 0.000000 1.000000
0.966484 -0.154411 -0.205100 -4.397046 0.125084 0.980888 -0.149039 74.873863 0.224193 0.118389 0.967327 3.110933 0.000000 0.000000 0.000000 1.000000
0.944803 -0.236837 -0.226399 -3.261062 0.186889 0.957124 -0.221330 69.590508 0.269111 0.166802 0.948555 2.368172 0.000000 0.000000 0.000000 1.000000
0.925947 -0.290434 -0.241390 -1.989616 0.224077 0.937034 -0.267876 65.653015 0.303991 0.193949 0.932723 1.622835 0.000000 0.000000 0.000000 1.000000
0.907020 -0.316360 -0.277905 -0.821970 0.236910 0.928996 -0.284326 63.145962 0.348122 0.192051 0.917566 1.035671 0.000000 0.000000 0.000000 1.000000
0.886017 -0.336539 -0.318928 0.029375 0.243609 0.923162 -0.297366 62.117012 0.394498 0.185778 0.899921 0.712491 0.000000 0.000000 0.000000 1.000000
0.873688 -0.334289 -0.353440 0.523831 0.235655 0.926402 -0.293676 62.606144 0.425600 0.173291 0.888164 0.527470 0.000000 0.000000 0.000000 1.000000
0.865902 -0.310743 -0.391986 0.696082 0.214730 0.938673 -0.269784 64.711548 0.451780 0.149436 0.879525 0.291737 0.000000 0.000000 0.000000 1.000000
0.860200 -0.281980 -0.424904 0.544642 0.187981 0.949874 -0.249807 68.169724 0.474046 0.135010 0.870088 0.110325 0.000000 0.000000 0.000000 1.000000
0.856313 -0.245966 -0.454124 0.168673 0.153699 0.960835 -0.230594 72.555550 0.493056 0.127663 0.860580 -0.050011 0.000000 0.000000 0.000000 1.000000
0.845884 -0.210493 -0.490074 -0.151417 0.124438 0.971359 -0.202427 77.415161 0.518647 0.110246 0.847851 -0.291304 0.000000 0.000000 0.000000 1.000000
0.830229 -0.179935 -0.527582 -0.303688 0.100691 0.979308 -0.175547 82.350372 0.548252 0.092621 0.831168 -0.539506 0.000000 0.000000 0.000000 1.000000
0.814636 -0.147362 -0.560939 -0.303423 0.075617 0.985913 -0.149188 86.872643 0.575021 0.079117 0.814304 -0.749610 0.000000 0.000000 0.000000 1.000000
0.797945 -0.114069 -0.591838 -0.251341 0.054029 0.991512 -0.118256 90.614105 0.600304 0.062385 0.797335 -0.921333 0.000000 0.000000 0.000000 1.000000
0.780701 -0.079937 -0.619770 -0.201001 0.035553 0.995860 -0.083661 93.328354 0.623892 0.043279 0.780311 -1.050901 0.000000 0.000000 0.000000 1.000000
0.765123 -0.044346 -0.642355 -0.098429 0.019553 0.998766 -0.045661 95.082001 0.643587 0.022377 0.765046 -1.210304 0.000000 0.000000 0.000000 1.000000
0.750943 -0.011937 -0.660259 0.074741 0.010297 0.999927 -0.006367 96.047958 0.660287 -0.002017 0.751011 -1.364616 0.000000 0.000000 0.000000 1.000000
0.741485 0.009175 -0.670906 0.230272 0.007095 0.999743 0.021513 96.383125 0.670932 -0.020712 0.741230 -1.437744 0.000000 0.000000 0.000000 1.000000
0.736832 0.020543 -0.675764 0.325733 0.005922 0.999304 0.036836 96.483482 0.676050 -0.031144 0.736197 -1.466111 0.000000 0.000000 0.000000 1.000000
0.734331 0.027388 -0.678238 0.386225 0.005309 0.998923 0.046085 96.522697 0.678770 -0.037443 0.733395 -1.479734 0.000000 0.000000 0.000000 1.000000
0.731968 0.035130 -0.680432 0.457912 0.004657 0.998389 0.056556 96.546494 0.681323 -0.044566 0.730625 -1.488970 0.000000 0.000000 0.000000 1.000000
0.730284 0.041900 -0.681857 0.519962 0.004040 0.997835 0.065643 96.556679 0.683131 -0.050693 0.728534 -1.490834 0.000000 0.000000 0.000000 1.000000
0.729721 0.046143 -0.682186 0.555556 0.003574 0.997449 0.071290 96.556213 0.683735 -0.054460 0.727695 -1.482073 0.000000 0.000000 0.000000 1.000000
0.729690 0.050820 -0.681887 0.587406 0.002992 0.996987 0.077506 96.554390 0.683771 -0.058595 0.727340 -1.454870 0.000000 0.000000 0.000000 1.000000</float_array>
        <technique_common>
          <accessor source="#mixamorig_Hips-Matrix-animation-output-transform-array" count="58" stride="16">
            <param type="float4x4"/>
          </accessor>
        </technique_common>
      </source>
      <source id="mixamorig_Hips-Interpolations">
        <Name_array id="mixamorig_Hips-Interpolations-array" count="58">
 LINEAR LINEAR LINEAR LINEAR LINEAR LINEAR LINEAR LINEAR LINEAR LINEAR LINEAR
LINEAR LINEAR LINEAR LINEAR LINEAR LINEAR LINEAR LINEAR LINEAR LINEAR LINEAR LINEAR
LINEAR LINEAR LINEAR LINEAR LINEAR LINEAR LINEAR LINEAR LINEAR LINEAR LINEAR LINEAR
LINEAR LINEAR LINEAR LINEAR LINEAR LINEAR LINEAR LINEAR LINEAR LINEAR LINEAR LINEAR
LINEAR LINEAR LINEAR LINEAR LINEAR LINEAR LINEAR LINEAR LINEAR LINEAR LINEAR</Name_array>
        <technique_common>
          <accessor source="#mixamorig_Hips-Interpolations-array" count="58">
            <param type="name"/>
          </accessor>
        </technique_common>
      </source>
      <sampler id="mixamorig_Hips-Matrix-animation-transform">
        <input semantic="INPUT" source="#mixamorig_Hips-Matrix-animation-input"/>
        <input semantic="OUTPUT" source="#mixamorig_Hips-Matrix-animation-output-transform"/>
        <input semantic="INTERPOLATION" source="#mixamorig_Hips-Interpolations"/>
      </sampler>
      <channel source="#mixamorig_Hips-Matrix-animation-transform" target="mixamorig_Hips/matrix"/>
    </animation>
    <animation id="mixamorig_Spine-anim" name="mixamorig_Spine">
      <source id="mixamorig_Spine-Matrix-animation-input">
        <float_array id="mixamorig_Spine-Matrix-animation-input-array" count="58">

0.000000 0.033333 0.066667 0.100000 0.133333 0.166667 0.200000 0.233333 0.266667 0.300000 0.333333 0.366667 0.400000 0.433333 0.466667 0.500000
0.533333 0.566667 0.600000 0.633333 0.666667 0.700000 0.733333 0.766667 0.800000 0.833333 0.866667 0.900000 0.933333 0.966667 1.000000 1.033333
1.066667 1.100000 1.133333 1.166667 1.200000 1.233333 1.266667 1.300000 1.333333 1.366667 1.400000 1.433333 1.466667 1.500000 1.533333 1.566667
1.600000 1.633333 1.666667 1.700000 1.733333 1.766667 1.800000 1.833333 1.866667 1.900000</float_array>
        <technique_common>
          <accessor source="#mixamorig_Spine-Matrix-animation-input-array" count="58">
            <param name="TIME" type="float"/>
          </accessor>
        </technique_common>
      </source>
      <source id="mixamorig_Spine-Matrix-animation-output-transform">
        <float_array id="mixamorig_Spine-Matrix-animation-output-transform-array" count="928">

0.996546 0.016163 0.081450 -0.000000 -0.013869 0.999493 -0.028660 10.997300 -0.081872 0.027431 0.996265 -0.803100 0.000000 0.000000 0.000000 1.000000
0.996976 0.016365 0.075969 0.000000 -0.014214 0.999485 -0.028773 10.997300 -0.076401 0.027606 0.996695 -0.803100 0.000000 0.000000 0.000000 1.000000
0.997556 0.016545 0.067889 0.000000 -0.014454 0.999410 -0.031164 10.997300 -0.068365 0.030107 0.997206 -0.803100 0.000000 0.000000 0.000000 1.000000
0.997950 0.016615 0.061797 0.000000 -0.014533 0.999317 -0.033988 10.997300 -0.062319 0.033021 0.997510 -0.803100 0.000000 0.000000 0.000000 1.000000
0.998332 0.014272 0.055934 -0.000000 -0.012106 0.999171 -0.038873 10.997300 -0.056442 0.038131 0.997677 -0.803100 0.000000 0.000000 0.000000 1.000000
0.998805 0.010402 0.047749 0.000000 -0.008211 0.998914 -0.045864 10.997300 -0.048174 0.045418 0.997806 -0.803100 0.000000 0.000000 0.000000 1.000000
0.999378 0.007838 0.034391 0.000000 -0.005962 0.998507 -0.054302 10.997300 -0.034765 0.054063 0.997932 -0.803100 0.000000 0.000000 0.000000 1.000000
0.999793 0.007497 0.018890 0.000000 -0.006222 0.997755 -0.066676 10.997300 -0.019347 0.066545 0.997596 -0.803100 0.000000 0.000000 0.000000 1.000000
0.999911 0.009513 0.009392 0.000000 -0.008761 0.996987 -0.077072 10.997300 -0.010097 0.076983 0.996981 -0.803100 0.000000 0.000000 0.000000 1.000000
0.999923 0.011148 0.005412 -0.000000 -0.010663 0.996529 -0.082566 10.997300 -0.006314 0.082502 0.996571 -0.803100 0.000000 0.000000 0.000000 1.000000
0.999951 0.009108 0.003931 -0.000000 -0.008732 0.996172 -0.086978 10.997300 -0.004708 0.086940 0.996202 -0.803100 0.000000 0.000000 0.000000 1.000000
0.999922 0.008020 0.009615 0.000000 -0.007202 0.996585 -0.082263 10.997300 -0.010242 0.082187 0.996564 -0.803100 0.000000 0.000000 0.000000 1.000000
0.999871 0.007753 0.014079 0.000000 -0.006784 0.997689 -0.067611 10.997300 -0.014571 0.067507 0.997612 -0.803100 0.000000 0.000000 0.000000 1.000000
0.999865 0.005245 0.015574 0.000000 -0.004353 0.998378 -0.056760 10.997300 -0.015846 0.056685 0.998266 -0.803100 0.000000 0.000000 0.000000 1.000000
0.999728 0.007311 0.022165 -0.000000 -0.006186 0.998711 -0.050376 10.997300 -0.022504 0.050226 0.998484 -0.803100 0.000000 0.000000 0.000000 1.000000
0.999515 0.011748 0.028833 0.000000 -0.010747 0.999342 -0.034643 10.997300 -0.029221 0.034316 0.998984 -0.803100 0.000000 0.000000 0.000000 1.000000
0.999284 0.018215 0.033163 -0.000000 -0.017655 0.999698 -0.017093 10.997300 -0.033464 0.016495 0.999304 -0.803100 0.000000 0.000000 0.000000 1.000000
0.998945 0.027068 0.037097 0.000000 -0.026467 0.999512 -0.016587 10.997300 -0.037527 0.015588 0.999174 -0.803100 0.000000 0.000000 0.000000 1.000000
0.998487 0.039470 0.038294 0.000000 -0.038458 0.998900 -0.026827 10.997300 -0.039311 0.025314 0.998906 -0.803100 0.000000 0.000000 0.000000 1.000000
0.998162 0.049981 0.034273 0.000000 -0.048627 0.998046 -0.039250 10.997300 -0.036168 0.037511 0.998641 -0.803100 0.000000 0.000000 0.000000 1.000000
0.997939 0.059301 0.024534 0.000000 -0.057851 0.996746 -0.056128 10.997300 -0.027782 0.054593 0.998122 -0.803100 0.000000 0.000000 0.000000 1.000000
0.997823 0.064730 0.012583 0.000000 -0.063536 0.994827 -0.079258 10.997300 -0.017648 0.078286 0.996775 -0.803100 0.000000 0.000000 0.000000 1.000000
0.997721 0.067278 0.005175 -0.000000 -0.066266 0.991396 -0.112887 10.997300 -0.012725 0.112287 0.993594 -0.803100 0.000000 0.000000 0.000000 1.000000
0.997658 0.068371 0.001996 -0.000000 -0.067312 0.986556 -0.148919 10.997300 -0.012151 0.148436 0.988847 -0.803100 0.000000 0.000000 0.000000 1.000000
0.997866 0.065299 -0.000432 0.000000 -0.064362 0.982387 -0.175424 10.997300 -0.011031 0.175078 0.984493 -0.803100 0.000000 0.000000 0.000000 1.000000
0.998266 0.058761 -0.003392 0.000000 -0.058380 0.981177 -0.184075 10.997300 -0.007488 0.183954 0.982906 -0.803100 0.000000 0.000000 0.000000 1.000000
0.998622 0.052158 -0.005747 0.000000 -0.052352 0.982871 -0.176704 10.997300 -0.003568 0.176761 0.984247 -0.803100 0.000000 0.000000 0.000000 1.000000
0.998910 0.045984 -0.007996 -0.000000 -0.046670 0.986317 -0.158114 10.997300 0.000616 0.158315 0.987389 -0.803100 0.000000 0.000000 0.000000 1.000000
0.999185 0.038557 -0.011961 0.000000 -0.039791 0.990623 -0.130703 10.997300 0.006809 0.131072 0.991349 -0.803100 0.000000 0.000000 0.000000 1.000000
0.999391 0.031132 -0.015770 0.000000 -0.032519 0.994745 -0.097081 10.997300 0.012665 0.097535 0.995152 -0.803100 0.000000 0.000000 0.000000 1.000000
0.999596 0.024960 -0.013623 0.000000 -0.025783 0.997618 -0.063977 10.997300 0.011993 0.064303 0.997858 -0.803100 0.000000 0.000000 0.000000 1.000000
0.999791 0.018028 -0.009680 0.000000 -0.018398 0.999044 -0.039654 10.997300 0.008956 0.039824 0.999167 -0.803100 0.000000 0.000000 0.000000 1.000000
0.999910 0.011830 -0.006363 0.000000 -0.011970 0.999674 -0.022571 10.997300 0.006094 0.022645 0.999725 -0.803100 0.000000 0.000000 0.000000 1.000000
0.999972 0.006406 -0.003968 -0.000000 -0.006481 0.999798 -0.019043 10.997300 0.003845 0.019068 0.999811 -0.803100 0.000000 0.000000 0.000000 1.000000
0.999989 0.004611 -0.000122 0.000000 -0.004613 0.999606 -0.027692 10.997300 -0.000005 0.027692 0.999617 -0.803100 0.000000 0.000000 0.000000 1.000000
0.999924 0.009222 0.008215 -0.000000 -0.008830 0.998878 -0.046524 10.997300 -0.008634 0.046448 0.998883 -0.803100 0.000000 0.000000 0.000000 1.000000
0.999870 0.012592 0.010104 -0.000000 -0.011874 0.997597 -0.068265 10.997300 -0.010939 0.068136 0.997616 -0.803100 0.000000 0.000000 0.000000 1.000000
0.999894 0.007849 0.012225 0.000000 -0.006681 0.995659 -0.092840 10.997300 -0.012901 0.092749 0.995606 -0.803100 0.000000 0.000000 0.000000 1.000000
0.999875 -0.000120 0.015793 0.000000 0.001968 0.993125 -0.117044 10.997300 -0.015670 0.117061 0.993001 -0.803100 0.000000 0.000000 0.000000 1.000000
0.999800 -0.008644 0.018035 -0.000000 0.010987 0.990899 -0.134159 10.997300 -0.016711 0.134330 0.990796 -0.803100 0.000000 0.000000 0.000000 1.000000
0.999600 -0.017529 0.022194 -0.000000 0.020622 0.988795 -0.147849 10.997300 -0.019354 0.148248 0.988761 -0.803100 0.000000 0.000000 0.000000 1.000000
0.999349 -0.023201 0.027643 -0.000000 0.027264 0.987212 -0.157067 10.997300 -0.023645 0.157718 0.987201 -0.803100 0.000000 0.000000 0.000000 1.000000
0.999160 -0.025833 0.031804 0.000000 0.030456 0.987495 -0.154682 10.997300 -0.027411 0.155521 0.987452 -0.803100 0.000000 0.000000 0.000000 1.000000
0.998955 -0.027206 0.036723 0.000000 0.032238 0.989017 -0.144246 10.997300 -0.032395 0.145279 0.988860 -0.803100 0.000000 0.000000 0.000000 1.000000
0.998834 -0.024236 0.041757 0.000000 0.029511 0.990979 -0.130725 10.997300 -0.038212 0.131805 0.990539 -0.803100 0.000000 0.000000 0.000000 1.000000
0.998733 -0.019491 0.046398 -0.000000 0.024721 0.993063 -0.114953 10.997300 -0.043835 0.115954 0.992287 -0.803100 0.000000 0.000000 0.000000 1.000000
0.998521 -0.015825 0.052007 0.000000 0.020950 0.994814 -0.099534 10.997300 -0.050162 0.100476 0.993674 -0.803100 0.000000 0.000000 0.000000 1.000000
0.998204 -0.011830 0.058725 0.000000 0.016896 0.996107 -0.086522 10.997300 -0.057473 0.087359 0.994518 -0.803100 0.000000 0.000000 0.000000 1.000000
0.997838 -0.007799 0.065263 0.000000 0.012631 0.997182 -0.073953 10.997300 -0.064502 0.074617 0.995124 -0.803100 0.000000 0.000000 0.000000 1.000000
0.997507 -0.003689 0.070477 0.000000 0.007963 0.998139 -0.060457 10.997300 -0.070123 0.060867 0.995680 -0.803100 0.000000 0.000000 0.000000 1.000000
0.997189 0.001398 0.074910 0.000000 0.002217 0.998837 -0.048164 10.997300 -0.074891 0.048195 0.996026 -0.803100 0.000000 0.000000 0.000000 1.000000
0.996917 0.005951 0.078234 -0.000000 -0.002789 0.999177 -0.040460 10.997300 -0.078411 0.040118 0.996114 -0.803100 0.000000 0.000000 0.000000 1.000000
0.996755 0.009341 0.079948 -0.000000 -0.006431 0.999310 -0.036581 10.997300 -0.080234 0.035948 0.996128 -0.803100 0.000000 0.000000 0.000000 1.000000
0.996662 0.011949 0.080755 0.000000 -0.009190 0.999364 -0.034447 10.997300 -0.081116 0.033590 0.996139 -0.803100 0.000000 0.000000 0.000000 1.000000
0.996597 0.014023 0.081232 0.000000 -0.011429 0.999413 -0.032303 10.997300 -0.081637 0.031265 0.996172 -0.803100 0.000000 0.000000 0.000000 1.000000
0.996548 0.015482 0.081563 -0.000000 -0.013038 0.999452 -0.030420 10.997300 -0.081989 0.029252 0.996204 -0.803100 0.000000 0.000000 0.000000 1.000000
0.996528 0.016227 0.081666 -0.000000 -0.013873 0.999474 -0.029321 10.997300 -0.082099 0.028086 0.996228 -0.803100 0.000000 0.000000 0.000000 1.000000
0.996547 0.016171 0.081439 0.000000 -0.013877 0.999493 -0.028660 10.997300 -0.081862 0.027431 0.996266 -0.803100 0.000000 0.000000 0.000000 1.000000</float_array>
        <technique_common>
          <accessor source="#mixamorig_Spine-Matrix-animation-output-transform-array" count="58" stride="16">
            <param type="float4x4"/>
          </accessor>
        </technique_common>
      </source>
      <source id="mixamorig_Spine-Interpolations">
        <Name_array id="mixamorig_Spine-Interpolations-array" count="58">
 LINEAR LINEAR LINEAR LINEAR LINEAR LINEAR LINEAR LINEAR LINEAR LINEAR LINEAR
LINEAR LINEAR LINEAR LINEAR LINEAR LINEAR LINEAR LINEAR LINEAR LINEAR LINEAR LINEAR
LINEAR LINEAR LINEAR LINEAR LINEAR LINEAR LINEAR LINEAR LINEAR LINEAR LINEAR LINEAR
LINEAR LINEAR LINEAR LINEAR LINEAR LINEAR LINEAR LINEAR LINEAR LINEAR LINEAR LINEAR
LINEAR LINEAR LINEAR LINEAR LINEAR LINEAR LINEAR LINEAR LINEAR LINEAR LINEAR</Name_array>
        <technique_common>
          <accessor source="#mixamorig_Spine-Interpolations-array" count="58">
            <param type="name"/>
          </accessor>
        </technique_common>
      </source>
      <sampler id="mixamorig_Spine-Matrix-animation-transform">
        <input semantic="INPUT" source="#mixamorig_Spine-Matrix-animation-input"/>
        <input semantic="OUTPUT" source="#mixamorig_Spine-Matrix-animation-output-transform"/>
        <input semantic="INTERPOLATION" source="#mixamorig_Spine-Interpolations"/>
      </sampler>
      <channel source="#mixamorig_Spine-Matrix-animation-transform" target="mixamorig_Spine/matrix"/>
    </animation>
    <animation id="mixamorig_Spine1-anim" name="mixamorig_Spine1">
      <source id="mixamorig_Spine1-Matrix-animation-input">
        <float_array id="mixamorig_Spine1-Matrix-animation-input-array" count="58">

0.000000 0.033333 0.066667 0.100000 0.133333 0.166667 0.200000 0.233333 0.266667 0.300000 0.333333 0.366667 0.400000 0.433333 0.466667 0.500000
0.533333 0.566667 0.600000 0.633333 0.666667 0.700000 0.733333 0.766667 0.800000 0.833333 0.866667 0.900000 0.933333 0.966667 1.000000 1.033333
1.066667 1.100000 1.133333 1.166667 1.200000 1.233333 1.266667 1.300000 1.333333 1.366667 1.400000 1.433333 1.466667 1.500000 1.533333 1.566667
1.600000 1.633333 1.666667 1.700000 1.733333 1.766667 1.800000 1.833333 1.866667 1.900000</float_array>
        <technique_common>
          <accessor source="#mixamorig_Spine1-Matrix-animation-input-array" count="58">
            <param name="TIME" type="float"/>
          </accessor>
        </technique_common>
      </source>
      <source id="mixamorig_Spine1-Matrix-animation-output-transform">
        <float_array id="mixamorig_Spine1-Matrix-animation-output-transform-array" count="928">

0.986175 0.041484 0.160428 0.000000 -0.008389 0.979413 -0.201691 12.864400 -0.165493 0.197557 0.966221 -0.000000 0.000000 0.000000 0.000000 1.000000
0.987893 0.041550 0.149468 0.000000 -0.010620 0.979318 -0.202047 12.864400 -0.154772 0.198013 0.967903 0.000000 0.000000 0.000000 0.000000 1.000000
0.990315 0.040050 0.132937 0.000000 -0.011817 0.978331 -0.206710 12.864400 -0.138335 0.203137 0.969329 0.000000 0.000000 0.000000 0.000000 1.000000
0.992059 0.037152 0.120162 0.000000 -0.010912 0.977198 -0.212048 12.864400 -0.125300 0.209053 0.969844 -0.000000 0.000000 0.000000 0.000000 1.000000
0.993670 0.030524 0.108108 0.000000 -0.005870 0.975170 -0.221382 12.864400 -0.112181 0.219346 0.969176 0.000000 0.000000 0.000000 0.000000 1.000000
0.995539 0.022317 0.091677 0.000000 -0.000153 0.972007 -0.234952 12.864400 -0.094354 0.233890 0.967674 0.000000 0.000000 0.000000 0.000000 1.000000
0.997776 0.015094 0.064932 0.000000 0.001719 0.967881 -0.251402 12.864400 -0.066641 0.250954 0.965702 -0.000000 0.000000 0.000000 0.000000 1.000000
0.999319 0.008393 0.035934 0.000000 0.001825 0.961351 -0.275319 12.864400 -0.036856 0.275197 0.960681 0.000000 0.000000 0.000000 0.000000 1.000000
0.999785 0.006182 0.019771 0.000000 -0.000068 0.955406 -0.295295 12.864400 -0.020715 0.295230 0.955202 0.000000 0.000000 0.000000 0.000000 1.000000
0.999904 0.005514 0.012723 0.000000 -0.001359 0.952092 -0.305808 12.864400 -0.013800 0.305761 0.952008 0.000000 0.000000 0.000000 0.000000 1.000000
0.999960 -0.001434 0.008805 -0.000000 0.004128 0.949345 -0.314208 12.864400 -0.007908 0.314232 0.949313 0.000000 0.000000 0.000000 0.000000 1.000000
0.999831 -0.004203 0.017878 0.000000 0.009457 0.952289 -0.305051 12.864400 -0.015743 0.305169 0.952168 0.000000 0.000000 0.000000 0.000000 1.000000
0.999711 -0.002231 0.023940 -0.000000 0.008775 0.960858 -0.276901 12.864400 -0.022385 0.277031 0.960600 0.000000 0.000000 0.000000 0.000000 1.000000
0.999663 -0.003046 0.025799 0.000000 0.009553 0.966624 -0.256019 12.864400 -0.024158 0.256179 0.966327 0.000000 0.000000 0.000000 0.000000 1.000000
0.999201 0.005240 0.039626 -0.000000 0.004577 0.969853 -0.243646 12.864400 -0.039708 0.243633 0.969054 -0.000000 0.000000 0.000000 0.000000 1.000000
0.998216 0.020670 0.056013 0.000000 -0.008263 0.976960 -0.213262 12.864400 -0.059131 0.212418 0.975388 -0.000000 0.000000 0.000000 0.000000 1.000000
0.997168 0.034477 0.066835 0.000000 -0.022006 0.983590 -0.179070 12.864400 -0.071913 0.177093 0.981563 0.000000 0.000000 0.000000 0.000000 1.000000
0.996218 0.046374 0.073476 -0.000000 -0.032655 0.983492 -0.177980 12.864400 -0.080517 0.174907 0.981287 0.000000 0.000000 0.000000 0.000000 1.000000
0.995415 0.060288 0.074263 -0.000000 -0.044554 0.979237 -0.197763 12.864400 -0.084644 0.193548 0.977433 0.000000 0.000000 0.000000 0.000000 1.000000
0.995189 0.070952 0.067562 0.000000 -0.054355 0.973582 -0.221775 12.864400 -0.081512 0.217036 0.972754 -0.000000 0.000000 0.000000 0.000000 1.000000
0.994873 0.087489 0.050732 0.000000 -0.071806 0.964314 -0.254840 12.864400 -0.071218 0.249890 0.965652 -0.000000 0.000000 0.000000 0.000000 1.000000
0.994437 0.101916 0.026623 -0.000000 -0.089328 0.949870 -0.299612 12.864400 -0.055824 0.295567 0.953690 0.000000 0.000000 0.000000 0.000000 1.000000
0.993289 0.115482 0.006461 0.000000 -0.105259 0.925689 -0.363345 12.864400 -0.047941 0.360226 0.931632 0.000000 0.000000 0.000000 0.000000 1.000000
0.992022 0.125865 -0.007033 0.000000 -0.116643 0.895321 -0.429877 12.864400 -0.047810 0.427268 0.902860 0.000000 0.000000 0.000000 0.000000 1.000000
0.991996 0.125213 -0.016289 0.000000 -0.117742 0.870686 -0.477538 12.864400 -0.045611 0.475634 0.878460 0.000000 0.000000 0.000000 0.000000 1.000000
0.993111 0.114983 -0.022589 -0.000000 -0.111130 0.863027 -0.492783 12.864400 -0.037167 0.491899 0.869859 0.000000 0.000000 0.000000 0.000000 1.000000
0.994725 0.099657 -0.024295 0.000000 -0.099060 0.871821 -0.479704 12.864400 -0.026625 0.479580 0.877094 -0.000000 0.000000 0.000000 0.000000 1.000000
0.996370 0.081546 -0.024423 0.000000 -0.083857 0.890910 -0.446372 12.864400 -0.014641 0.446800 0.894514 0.000000 0.000000 0.000000 0.000000 1.000000
0.997607 0.062802 -0.028920 -0.000000 -0.069122 0.915564 -0.396188 12.864400 0.001597 0.397239 0.917714 -0.000000 0.000000 0.000000 0.000000 1.000000
0.998355 0.045998 -0.034230 0.000000 -0.054793 0.941237 -0.333274 12.864400 0.016889 0.334601 0.942209 0.000000 0.000000 0.000000 0.000000 1.000000
0.998999 0.034143 -0.028910 0.000000 -0.040694 0.961964 -0.270129 12.864400 0.018588 0.271035 0.962390 0.000000 0.000000 0.000000 0.000000 1.000000
0.999489 0.025820 -0.018834 0.000000 -0.029374 0.974364 -0.223051 12.864400 0.012592 0.223490 0.974625 0.000000 0.000000 0.000000 0.000000 1.000000
0.999787 0.018324 -0.009547 -0.000000 -0.019803 0.981643 -0.189694 12.864400 0.005896 0.189843 0.981797 -0.000000 0.000000 0.000000 0.000000 1.000000
0.999886 0.014244 -0.004967 0.000000 -0.014912 0.983030 -0.182835 12.864400 0.002279 0.182889 0.983131 0.000000 0.000000 0.000000 0.000000 1.000000
0.999913 0.013137 0.001357 0.000000 -0.012601 0.979741 -0.199873 12.864400 -0.003955 0.199838 0.979821 0.000000 0.000000 0.000000 0.000000 1.000000
0.999769 0.015300 0.015088 -0.000000 -0.011299 0.971550 -0.236564 12.864400 -0.018278 0.236339 0.971499 0.000000 0.000000 0.000000 0.000000 1.000000
0.999752 0.012319 0.018539 -0.000000 -0.006672 0.960438 -0.278415 12.864400 -0.021235 0.278222 0.960282 0.000000 0.000000 0.000000 0.000000 1.000000
0.999700 -0.002602 0.024369 0.000000 0.010387 0.945606 -0.325148 12.864400 -0.022197 0.325303 0.945349 -0.000000 0.000000 0.000000 0.000000 1.000000
0.999241 -0.020171 0.033321 0.000000 0.031093 0.928342 -0.370425 12.864400 -0.023462 0.371180 0.928264 0.000000 0.000000 0.000000 0.000000 1.000000
0.998493 -0.037477 0.040084 0.000000 0.050450 0.914297 -0.401891 12.864400 -0.021587 0.403307 0.914810 -0.000000 0.000000 0.000000 0.000000 1.000000
0.997248 -0.053939 0.050855 -0.000000 0.070523 0.901724 -0.426521 12.864400 -0.022851 0.428934 0.903047 -0.000000 0.000000 0.000000 0.000000 1.000000
0.995982 -0.063292 0.063354 0.000000 0.084885 0.892646 -0.442693 12.864400 -0.028534 0.446292 0.894432 0.000000 0.000000 0.000000 0.000000 1.000000
0.995138 -0.066836 0.072346 -0.000000 0.091901 0.894293 -0.437942 12.864400 -0.035428 0.442462 0.896087 -0.000000 0.000000 0.000000 0.000000 1.000000
0.994354 -0.067384 0.081974 -0.000000 0.095706 0.903154 -0.418514 12.864400 -0.045834 0.423996 0.904503 0.000000 0.000000 0.000000 0.000000 1.000000
0.994146 -0.059159 0.090410 -0.000000 0.090228 0.914887 -0.393497 12.864400 -0.059436 0.399351 0.914869 0.000000 0.000000 0.000000 0.000000 1.000000
0.994100 -0.047126 0.097697 0.000000 0.079785 0.927877 -0.364252 12.864400 -0.073485 0.369897 0.926162 -0.000000 0.000000 0.000000 0.000000 1.000000
0.993590 -0.035765 0.107239 -0.000000 0.070019 0.939463 -0.335419 12.864400 -0.088751 0.340777 0.935946 0.000000 0.000000 0.000000 0.000000 1.000000
0.992616 -0.023051 0.119085 -0.000000 0.059339 0.948558 -0.310993 12.864400 -0.105791 0.315763 0.942922 -0.000000 0.000000 0.000000 0.000000 1.000000
0.991327 -0.010375 0.131012 0.000000 0.047990 0.956617 -0.287369 12.864400 -0.122347 0.291163 0.948818 0.000000 0.000000 0.000000 0.000000 1.000000
0.990060 0.000884 0.140643 -0.000000 0.036338 0.964420 -0.261864 12.864400 -0.135870 0.264372 0.954802 0.000000 0.000000 0.000000 0.000000 1.000000
0.988788 0.011842 0.148855 0.000000 0.024272 0.970847 -0.238469 12.864400 -0.147340 0.239408 0.959674 0.000000 0.000000 0.000000 0.000000 1.000000
0.987693 0.021055 0.154979 -0.000000 0.014345 0.974525 -0.223821 12.864400 -0.155744 0.223290 0.962230 0.000000 0.000000 0.000000 0.000000 1.000000
0.987040 0.027834 0.158039 0.000000 0.007139 0.976251 -0.216524 12.864400 -0.160313 0.214846 0.963401 0.000000 0.000000 0.000000 0.000000 1.000000
0.986664 0.033022 0.159387 -0.000000 0.001636 0.977144 -0.212574 12.864400 -0.162763 0.210000 0.964058 0.000000 0.000000 0.000000 0.000000 1.000000
0.986395 0.037129 0.160145 0.000000 -0.002951 0.978003 -0.208572 12.864400 -0.164367 0.205262 0.964806 0.000000 0.000000 0.000000 0.000000 1.000000
0.986193 0.040049 0.160682 0.000000 -0.006340 0.978734 -0.205033 12.864400 -0.165476 0.201184 0.965475 0.000000 0.000000 0.000000 0.000000 1.000000
0.986107 0.041561 0.160831 -0.000000 -0.008165 0.979152 -0.202965 12.864400 -0.165914 0.198831 0.965888 0.000000 0.000000 0.000000 0.000000 1.000000
0.986177 0.041519 0.160411 0.000000 -0.008426 0.979412 -0.201695 12.864400 -0.165482 0.197556 0.966223 0.000000 0.000000 0.000000 0.000000 1.000000</float_array>
        <technique_common>
          <accessor source="#mixamorig_Spine1-Matrix-animation-output-transform-array" count="58" stride="16">
            <param type="float4x4"/>
          </accessor>
        </technique_common>
      </source>
      <source id="mixamorig_Spine1-Interpolations">
        <Name_array id="mixamorig_Spine1-Interpolations-array" count="58">
 LINEAR LINEAR LINEAR LINEAR LINEAR LINEAR LINEAR LINEAR LINEAR LINEAR LINEAR
LINEAR LINEAR LINEAR LINEAR LINEAR LINEAR LINEAR LINEAR LINEAR LINEAR LINEAR LINEAR
LINEAR LINEAR LINEAR LINEAR LINEAR LINEAR LINEAR LINEAR LINEAR LINEAR LINEAR LINEAR
LINEAR LINEAR LINEAR LINEAR LINEAR LINEAR LINEAR LINEAR LINEAR LINEAR LINEAR LINEAR
LINEAR LINEAR LINEAR LINEAR LINEAR LINEAR LINEAR LINEAR LINEAR LINEAR LINEAR</Name_array>
        <technique_common>
          <accessor source="#mixamorig_Spine1-Interpolations-array" count="58">
            <param type="name"/>
          </accessor>
        </technique_common>
      </source>
      <sampler id="mixamorig_Spine1-Matrix-animation-transform">
        <input semantic="INPUT" source="#mixamorig_Spine1-Matrix-animation-input"/>
        <input semantic="OUTPUT" source="#mixamorig_Spine1-Matrix-animation-output-transform"/>
        <input semantic="INTERPOLATION" source="#mixamorig_Spine1-Interpolations"/>
      </sampler>
      <channel source="#mixamorig_Spine1-Matrix-animation-transform" target="mixamorig_Spine1/matrix"/>
    </animation>
    <animation id="mixamorig_Spine2-anim" name="mixamorig_Spine2">
      <source id="mixamorig_Spine2-Matrix-animation-input">
        <float_array id="mixamorig_Spine2-Matrix-animation-input-array" count="58">

0.000000 0.033333 0.066667 0.100000 0.133333 0.166667 0.200000 0.233333 0.266667 0.300000 0.333333 0.366667 0.400000 0.433333 0.466667 0.500000
0.533333 0.566667 0.600000 0.633333 0.666667 0.700000 0.733333 0.766667 0.800000 0.833333 0.866667 0.900000 0.933333 0.966667 1.000000 1.033333
1.066667 1.100000 1.133333 1.166667 1.200000 1.233333 1.266667 1.300000 1.333333 1.366667 1.400000 1.433333 1.466667 1.500000 1.533333 1.566667
1.600000 1.633333 1.666667 1.700000 1.733333 1.766667 1.800000 1.833333 1.866667 1.900000</float_array>
        <technique_common>
          <accessor source="#mixamorig_Spine2-Matrix-animation-input-array" count="58">
            <param name="TIME" type="float"/>
          </accessor>
        </technique_common>
      </source>
      <source id="mixamorig_Spine2-Matrix-animation-output-transform">
        <float_array id="mixamorig_Spine2-Matrix-animation-output-transform-array" count="928">

0.986175 0.041484 0.160428 0.000000 -0.008389 0.979413 -0.201691 14.702200 -0.165492 0.197557 0.966221 0.000000 0.000000 0.000000 0.000000 1.000000
0.987893 0.041550 0.149469 0.000000 -0.010620 0.979318 -0.202047 14.702200 -0.154772 0.198013 0.967903 0.000000 0.000000 0.000000 0.000000 1.000000
0.990315 0.040050 0.132937 0.000000 -0.011818 0.978331 -0.206710 14.702200 -0.138335 0.203137 0.969329 0.000000 0.000000 0.000000 0.000000 1.000000
0.992059 0.037152 0.120162 -0.000000 -0.010912 0.977198 -0.212048 14.702200 -0.125300 0.209053 0.969844 0.000000 0.000000 0.000000 0.000000 1.000000
0.993670 0.030524 0.108108 -0.000000 -0.005870 0.975169 -0.221382 14.702200 -0.112181 0.219346 0.969176 0.000000 0.000000 0.000000 0.000000 1.000000
0.995539 0.022317 0.091678 0.000000 -0.000153 0.972007 -0.234952 14.702200 -0.094355 0.233890 0.967674 0.000000 0.000000 0.000000 0.000000 1.000000
0.997776 0.015094 0.064932 -0.000000 0.001719 0.967881 -0.251402 14.702200 -0.066641 0.250954 0.965702 0.000000 0.000000 0.000000 0.000000 1.000000
0.999319 0.008394 0.035934 -0.000000 0.001825 0.961351 -0.275319 14.702200 -0.036856 0.275197 0.960681 0.000000 0.000000 0.000000 0.000000 1.000000
0.999785 0.006182 0.019771 0.000000 -0.000068 0.955406 -0.295295 14.702200 -0.020715 0.295230 0.955201 0.000000 0.000000 0.000000 0.000000 1.000000
0.999904 0.005514 0.012724 0.000000 -0.001359 0.952092 -0.305808 14.702200 -0.013800 0.305761 0.952008 0.000000 0.000000 0.000000 0.000000 1.000000
0.999960 -0.001434 0.008805 -0.000000 0.004128 0.949345 -0.314208 14.702200 -0.007908 0.314232 0.949313 0.000000 0.000000 0.000000 0.000000 1.000000
0.999831 -0.004203 0.017877 0.000000 0.009457 0.952289 -0.305051 14.702200 -0.015743 0.305169 0.952168 -0.000000 0.000000 0.000000 0.000000 1.000000
0.999711 -0.002231 0.023940 0.000000 0.008775 0.960858 -0.276901 14.702200 -0.022386 0.277031 0.960600 -0.000000 0.000000 0.000000 0.000000 1.000000
0.999663 -0.003046 0.025799 0.000000 0.009553 0.966625 -0.256019 14.702200 -0.024158 0.256179 0.966327 0.000000 0.000000 0.000000 0.000000 1.000000
0.999201 0.005240 0.039626 0.000000 0.004577 0.969853 -0.243646 14.702200 -0.039708 0.243633 0.969054 0.000000 0.000000 0.000000 0.000000 1.000000
0.998216 0.020670 0.056013 -0.000000 -0.008263 0.976960 -0.213262 14.702200 -0.059131 0.212418 0.975388 0.000000 0.000000 0.000000 0.000000 1.000000
0.997168 0.034477 0.066835 0.000000 -0.022006 0.983590 -0.179070 14.702200 -0.071912 0.177092 0.981563 0.000000 0.000000 0.000000 0.000000 1.000000
0.996218 0.046374 0.073476 -0.000000 -0.032655 0.983492 -0.177980 14.702200 -0.080517 0.174907 0.981287 0.000000 0.000000 0.000000 0.000000 1.000000
0.995415 0.060288 0.074263 0.000000 -0.044554 0.979237 -0.197763 14.702200 -0.084644 0.193548 0.977433 0.000000 0.000000 0.000000 0.000000 1.000000
0.995189 0.070952 0.067562 0.000000 -0.054355 0.973582 -0.221775 14.702200 -0.081513 0.217036 0.972754 0.000000 0.000000 0.000000 0.000000 1.000000
0.994873 0.087489 0.050733 0.000000 -0.071806 0.964314 -0.254840 14.702200 -0.071218 0.249890 0.965652 0.000000 0.000000 0.000000 0.000000 1.000000
0.994437 0.101916 0.026624 -0.000000 -0.089328 0.949870 -0.299612 14.702200 -0.055825 0.295566 0.953690 0.000000 0.000000 0.000000 0.000000 1.000000
0.993289 0.115482 0.006461 -0.000000 -0.105259 0.925690 -0.363345 14.702200 -0.047941 0.360226 0.931632 0.000000 0.000000 0.000000 0.000000 1.000000
0.992023 0.125865 -0.007033 -0.000000 -0.116643 0.895321 -0.429877 14.702200 -0.047809 0.427268 0.902860 0.000000 0.000000 0.000000 0.000000 1.000000
0.991996 0.125213 -0.016289 -0.000000 -0.117742 0.870686 -0.477538 14.702200 -0.045611 0.475634 0.878460 0.000000 0.000000 0.000000 0.000000 1.000000
0.993111 0.114983 -0.022589 0.000000 -0.111130 0.863027 -0.492783 14.702200 -0.037167 0.491898 0.869859 0.000000 0.000000 0.000000 0.000000 1.000000
0.994725 0.099657 -0.024294 0.000000 -0.099060 0.871821 -0.479704 14.702200 -0.026625 0.479580 0.877094 0.000000 0.000000 0.000000 0.000000 1.000000
0.996370 0.081546 -0.024423 0.000000 -0.083857 0.890910 -0.446372 14.702200 -0.014641 0.446800 0.894514 0.000000 0.000000 0.000000 0.000000 1.000000
0.997607 0.062802 -0.028920 -0.000000 -0.069122 0.915564 -0.396188 14.702200 0.001597 0.397238 0.917714 0.000000 0.000000 0.000000 0.000000 1.000000
0.998355 0.045998 -0.034230 -0.000000 -0.054793 0.941237 -0.333274 14.702200 0.016889 0.334601 0.942209 0.000000 0.000000 0.000000 0.000000 1.000000
0.998999 0.034143 -0.028910 0.000000 -0.040694 0.961964 -0.270129 14.702200 0.018588 0.271035 0.962390 0.000000 0.000000 0.000000 0.000000 1.000000
