<?xml version="1.0" encoding="utf-8"?>
<COLLADA xmlns="http://www.collada.org/2005/11/COLLADASchema" version="1.4.1">
  <asset>
    <contributor>
      <author>Mixamo</author>
      <authoring_tool>COLLADA Mixamo exporter</authoring_tool>
      <comments/>
    </contributor>
    <created>2024-04-10T17:12:29Z</created>
    <modified>2024-04-10T17:12:29Z</modified>
    <revision/>
    <title/>
    <unit meter="0.010000"/>
    <up_axis>Y_UP</up_axis>
  </asset>
  <library_animations>
    <animation id="mixamorig_Hips-anim" name="mixamorig_Hips">
      <source id="mixamorig_Hips-Matrix-animation-input">
        <float_array id="mixamorig_Hips-Matrix-animation-input-array" count="32">

0.000000 0.033333 0.066667 0.100000 0.133333 0.166667 0.200000 0.233333 0.266667 0.300000 0.333333 0.366667 0.400000 0.433333 0.466667 0.500000
0.533333 0.566667 0.600000 0.633333 0.666667 0.700000 0.733333 0.766667 0.800000 0.833333 0.866667 0.900000 0.933333 0.966667 1.000000 1.033333</float_array>
        <technique_common>
          <accessor source="#mixamorig_Hips-Matrix-animation-input-array" count="32">
            <param name="TIME" type="float"/>
          </accessor>
        </technique_common>
      </source>
      <source id="mixamorig_Hips-Matrix-animation-output-transform">
        <float_array id="mixamorig_Hips-Matrix-animation-output-transform-array" count="512">

0.404286 0.132270 0.905018 -0.252780 -0.033587 0.990967 -0.129828 100.664467 -0.914016 0.022091 0.405077 -0.135584 0.000000 0.000000 0.000000 1.000000
0.404973 0.125609 0.905660 -1.086223 -0.011184 0.991125 -0.132461 101.394470 -0.914260 0.043514 0.402784 0.369186 0.000000 0.000000 0.000000 1.000000
0.410523 0.127817 0.902847 -1.833955 -0.007243 0.990553 -0.136940 101.560509 -0.911821 0.049678 0.407571 0.724238 0.000000 0.000000 0.000000 1.000000
0.420477 0.136978 0.896903 -2.325572 -0.020838 0.989735 -0.141387 101.111885 -0.907064 0.040761 0.419016 0.933315 0.000000 0.000000 0.000000 1.000000
0.439412 0.150644 0.885564 -2.373761 -0.050512 0.988422 -0.143077 99.941673 -0.896864 0.018138 0.441934 0.999387 0.000000 0.000000 0.000000 1.000000
0.465392 0.159074 0.870693 -2.046107 -0.082051 0.987235 -0.136509 98.169083 -0.881293 -0.007911 0.472504 1.046140 0.000000 0.000000 0.000000 1.000000
0.482233 0.159346 0.861429 -2.179733 -0.093479 0.987064 -0.130256 96.465515 -0.871041 -0.017712 0.490890 1.140720 0.000000 0.000000 0.000000 1.000000
0.487038 0.149341 0.860518 -2.487343 -0.079948 0.988759 -0.126348 94.770157 -0.869714 -0.007260 0.493502 1.180392 0.000000 0.000000 0.000000 1.000000
0.488197 0.124602 0.863793 -2.016748 -0.051195 0.992140 -0.114182 93.637222 -0.871230 0.011522 0.490739 1.021354 0.000000 0.000000 0.000000 1.000000
0.485830 0.106900 0.867492 -1.003478 -0.028638 0.993907 -0.106439 93.520058 -0.873584 0.026868 0.485931 0.556466 0.000000 0.000000 0.000000 1.000000
0.483487 0.101815 0.869410 -0.460151 -0.008810 0.993728 -0.111475 92.931313 -0.875307 0.046238 0.481352 0.106230 0.000000 0.000000 0.000000 1.000000
0.485022 0.088216 0.870041 -0.207775 0.015793 0.993853 -0.109574 93.216209 -0.874359 0.066886 0.480648 -0.272956 0.000000 0.000000 0.000000 1.000000
0.492487 0.071030 0.867417 -0.083683 0.037301 0.994025 -0.102576 94.209297 -0.869520 0.082873 0.486895 -0.555024 0.000000 0.000000 0.000000 1.000000
0.481288 0.066563 0.874032 -0.089442 0.040216 0.994386 -0.097874 95.796288 -0.875640 0.082256 0.475909 -0.688247 0.000000 0.000000 0.000000 1.000000
0.455599 0.064813 0.887822 -0.122826 0.036934 0.995111 -0.091599 97.649063 -0.889418 0.074523 0.450978 -0.632572 0.000000 0.000000 0.000000 1.000000
0.435389 0.063301 0.898014 -0.188408 0.030634 0.995905 -0.085054 99.315002 -0.899721 0.064542 0.431667 -0.468475 0.000000 0.000000 0.000000 1.000000
0.416596 0.067415 0.906589 -0.342188 0.016877 0.996501 -0.081856 100.553680 -0.908935 0.049402 0.414000 -0.283462 0.000000 0.000000 0.000000 1.000000
0.388484 0.078667 0.918091 -0.511870 0.000956 0.996314 -0.085774 101.008224 -0.921455 0.034199 0.386977 -0.002543 0.000000 0.000000 0.000000 1.000000
0.352773 0.090209 0.931350 -0.607172 -0.002417 0.995427 -0.095500 100.693207 -0.935706 0.031439 0.351378 0.387272 0.000000 0.000000 0.000000 1.000000
0.303807 0.095561 0.947929 -0.615664 0.007243 0.994697 -0.102597 99.747536 -0.952706 0.038036 0.301503 0.787813 0.000000 0.000000 0.000000 1.000000
0.229420 0.094842 0.968696 -0.209710 0.026963 0.994240 -0.103729 97.880394 -0.972954 0.049917 0.225541 1.135932 0.000000 0.000000 0.000000 1.000000
0.152901 0.092850 0.983870 0.255713 0.050412 0.993547 -0.101598 95.780670 -0.986955 0.065133 0.147234 1.344400 0.000000 0.000000 0.000000 1.000000
0.103195 0.094380 0.990173 0.384491 0.061062 0.993009 -0.101014 94.002060 -0.992785 0.070886 0.096710 1.316945 0.000000 0.000000 0.000000 1.000000
0.097492 0.100194 0.990180 0.759878 0.049322 0.993211 -0.105357 92.573563 -0.994013 0.059109 0.091888 1.175603 0.000000 0.000000 0.000000 1.000000
0.123414 0.106598 0.986613 1.317995 0.019390 0.993765 -0.109797 92.064285 -0.992166 0.032680 0.120577 1.061629 0.000000 0.000000 0.000000 1.000000
0.173757 0.116677 0.977852 1.783643 -0.028292 0.993138 -0.113473 92.455643 -0.984382 -0.007949 0.175866 0.770616 0.000000 0.000000 0.000000 1.000000
0.228740 0.126320 0.965257 2.005010 -0.068203 0.991188 -0.113551 93.298386 -0.971095 -0.039860 0.235340 0.517174 0.000000 0.000000 0.000000 1.000000
0.281304 0.133145 0.950337 1.733072 -0.091087 0.989561 -0.111678 94.536148 -0.955286 -0.055148 0.290495 0.510170 0.000000 0.000000 0.000000 1.000000
0.323275 0.137744 0.936226 1.310469 -0.101839 0.988668 -0.110295 95.999039 -0.940809 -0.059689 0.333640 0.414696 0.000000 0.000000 0.000000 1.000000
0.359452 0.134996 0.923348 0.862665 -0.082972 0.990185 -0.112467 97.662636 -0.929468 -0.036185 0.367125 0.166854 0.000000 0.000000 0.000000 1.000000
0.389822 0.131714 0.911422 0.379499 -0.056972 0.991272 -0.118886 99.291641 -0.919126 -0.005581 0.393924 -0.064073 0.000000 0.000000 0.000000 1.000000
0.404286 0.132270 0.905018 -0.252783 -0.033587 0.990967 -0.129828 100.664421 -0.914016 0.022091 0.405077 -0.135583 0.000000 0.000000 0.000000 1.000000</float_array>
        <technique_common>
          <accessor source="#mixamorig_Hips-Matrix-animation-output-transform-array" count="32" stride="16">
            <param type="float4x4"/>
          </accessor>
        </technique_common>
      </source>
      <source id="mixamorig_Hips-Interpolations">
        <Name_array id="mixamorig_Hips-Interpolations-array" count="32">
 LINEAR LINEAR LINEAR LINEAR LINEAR LINEAR LINEAR LINEAR LINEAR LINEAR LINEAR
LINEAR LINEAR LINEAR LINEAR LINEAR LINEAR LINEAR LINEAR LINEAR LINEAR LINEAR LINEAR
LINEAR LINEAR LINEAR LINEAR LINEAR LINEAR LINEAR LINEAR LINEAR</Name_array>
        <technique_common>
          <accessor source="#mixamorig_Hips-Interpolations-array" count="32">
            <param type="name"/>
          </accessor>
        </technique_common>
      </source>
      <sampler id="mixamorig_Hips-Matrix-animation-transform">
        <input semantic="INPUT" source="#mixamorig_Hips-Matrix-animation-input"/>
        <input semantic="OUTPUT" source="#mixamorig_Hips-Matrix-animation-output-transform"/>
        <input semantic="INTERPOLATION" source="#mixamorig_Hips-Interpolations"/>
      </sampler>
      <channel source="#mixamorig_Hips-Matrix-animation-transform" target="mixamorig_Hips/matrix"/>
    </animation>
    <animation id="mixamorig_Spine-anim" name="mixamorig_Spine">
      <source id="mixamorig_Spine-Matrix-animation-input">
        <float_array id="mixamorig_Spine-Matrix-animation-input-array" count="32">

0.000000 0.033333 0.066667 0.100000 0.133333 0.166667 0.200000 0.233333 0.266667 0.300000 0.333333 0.366667 0.400000 0.433333 0.466667 0.500000
0.533333 0.566667 0.600000 0.633333 0.666667 0.700000 0.733333 0.766667 0.800000 0.833333 0.866667 0.900000 0.933333 0.966667 1.000000 1.033333</float_array>
        <technique_common>
          <accessor source="#mixamorig_Spine-Matrix-animation-input-array" count="32">
            <param name="TIME" type="float"/>
          </accessor>
        </technique_common>
      </source>
      <source id="mixamorig_Spine-Matrix-animation-output-transform">
        <float_array id="mixamorig_Spine-Matrix-animation-output-transform-array" count="512">

0.990715 -0.024725 -0.133686 0.000000 0.020543 0.999258 -0.032571 10.997300 0.134392 0.029523 0.990488 -0.803100 0.000000 0.000000 0.000000 1.000000
0.991955 0.003872 -0.126530 0.000000 -0.007624 0.999545 -0.029184 10.997300 0.126359 0.029913 0.991533 -0.803100 0.000000 0.000000 0.000000 1.000000
0.993436 0.011913 -0.113765 0.000000 -0.015179 0.999496 -0.027886 10.997300 0.113376 0.029430 0.993116 -0.803100 0.000000 0.000000 0.000000 1.000000
0.995506 -0.000429 -0.094698 0.000000 -0.002134 0.999634 -0.026962 10.997300 0.094675 0.027043 0.995141 -0.803100 0.000000 0.000000 0.000000 1.000000
0.997337 -0.028872 -0.066967 0.000000 0.027300 0.999333 -0.024262 10.997300 0.067623 0.022370 0.997460 -0.803100 0.000000 0.000000 0.000000 1.000000
0.997771 -0.054015 -0.039193 0.000000 0.053164 0.998333 -0.022460 10.997300 0.040341 0.020326 0.998979 -0.803100 0.000000 0.000000 0.000000 1.000000
0.998299 -0.052530 -0.025312 -0.000000 0.051907 0.998348 -0.024646 10.997300 0.026564 0.023290 0.999376 -0.803100 0.000000 0.000000 0.000000 1.000000
0.999399 -0.026620 -0.022220 0.000000 0.025995 0.999271 -0.027957 10.997300 0.022948 0.027363 0.999362 -0.803100 0.000000 0.000000 0.000000 1.000000
0.999655 0.004404 -0.025881 0.000000 -0.005198 0.999515 -0.030709 10.997300 0.025733 0.030833 0.999193 -0.803100 0.000000 0.000000 0.000000 1.000000
0.999123 0.018208 -0.037702 0.000000 -0.019141 0.999515 -0.024546 10.997300 0.037237 0.025246 0.998988 -0.803100 0.000000 0.000000 0.000000 1.000000
0.998362 0.035604 -0.044795 0.000000 -0.036442 0.999173 -0.018012 10.997300 0.044117 0.019615 0.998834 -0.803100 0.000000 0.000000 0.000000 1.000000
0.997275 0.055462 -0.048651 0.000000 -0.056500 0.998198 -0.020226 10.997300 0.047442 0.022919 0.998611 -0.803100 0.000000 0.000000 0.000000 1.000000
0.996057 0.070188 -0.054250 0.000000 -0.071559 0.997153 -0.023753 10.997300 0.052429 0.027542 0.998245 -0.803100 0.000000 0.000000 0.000000 1.000000
0.995395 0.063031 -0.072224 -0.000000 -0.064943 0.997590 -0.024436 10.997300 0.070510 0.029014 0.997089 -0.803100 0.000000 0.000000 0.000000 1.000000
0.994415 0.048182 -0.093901 0.000000 -0.050777 0.998386 -0.025437 10.997300 0.092523 0.030063 0.995257 -0.803100 0.000000 0.000000 0.000000 1.000000
0.993611 0.033271 -0.107846 -0.000000 -0.036363 0.998979 -0.026827 10.997300 0.106843 0.030577 0.993806 -0.803100 0.000000 0.000000 0.000000 1.000000
0.992700 0.013683 -0.119833 0.000000 -0.017259 0.999434 -0.028859 10.997300 0.119371 0.030717 0.992374 -0.803100 0.000000 0.000000 0.000000 1.000000
0.990175 -0.006880 -0.139664 -0.000000 0.002845 0.999573 -0.029071 10.997300 0.139804 0.028388 0.989772 -0.803100 0.000000 0.000000 0.000000 1.000000
0.985447 -0.012861 -0.169497 0.000000 0.008857 0.999664 -0.024358 10.997300 0.169753 0.022502 0.985230 -0.803100 0.000000 0.000000 0.000000 1.000000
0.977262 -0.008001 -0.211885 -0.000000 0.004079 0.999812 -0.018939 10.997300 0.211997 0.017644 0.977111 -0.803100 0.000000 0.000000 0.000000 1.000000
0.962076 -0.000925 -0.272778 -0.000000 -0.002088 0.999940 -0.010754 10.997300 0.272772 0.010916 0.962017 -0.803100 0.000000 0.000000 0.000000 1.000000
0.944263 0.007735 -0.329101 0.000000 -0.010100 0.999934 -0.005477 10.997300 0.329037 0.008496 0.944279 -0.803100 0.000000 0.000000 0.000000 1.000000
0.931100 0.006344 -0.364710 0.000000 -0.010709 0.999893 -0.009948 10.997300 0.364608 0.013168 0.931068 -0.803100 0.000000 0.000000 0.000000 1.000000
0.929002 -0.010507 -0.369925 0.000000 0.006222 0.999899 -0.012776 10.997300 0.370022 0.009567 0.928974 -0.803100 0.000000 0.000000 0.000000 1.000000
0.933577 -0.038721 -0.356279 0.000000 0.034960 0.999244 -0.016990 10.997300 0.356667 0.003406 0.934225 -0.803100 0.000000 0.000000 0.000000 1.000000
0.939366 -0.084393 -0.332370 0.000000 0.078536 0.996428 -0.031040 10.997300 0.333802 0.003055 0.942638 -0.803100 0.000000 0.000000 0.000000 1.000000
0.946066 -0.118096 -0.301682 0.000000 0.110855 0.992987 -0.041074 10.997300 0.304417 0.005416 0.952524 -0.803100 0.000000 0.000000 0.000000 1.000000
0.959964 -0.123520 -0.251420 0.000000 0.115775 0.992236 -0.045427 10.997300 0.255079 0.014500 0.966811 -0.803100 0.000000 0.000000 0.000000 1.000000
0.971641 -0.119859 -0.203833 -0.000000 0.112722 0.992547 -0.046315 10.997300 0.207865 0.022026 0.977909 -0.803100 0.000000 0.000000 0.000000 1.000000
0.980644 -0.092660 -0.172485 -0.000000 0.086436 0.995317 -0.043273 10.997300 0.175687 0.027527 0.984061 -0.803100 0.000000 0.000000 0.000000 1.000000
0.987363 -0.058190 -0.147405 0.000000 0.053157 0.997868 -0.037862 10.997300 0.149294 0.029548 0.988351 -0.803100 0.000000 0.000000 0.000000 1.000000
0.990715 -0.024725 -0.133686 -0.000000 0.020543 0.999258 -0.032571 10.997300 0.134393 0.029522 0.990488 -0.803100 0.000000 0.000000 0.000000 1.000000</float_array>
        <technique_common>
          <accessor source="#mixamorig_Spine-Matrix-animation-output-transform-array" count="32" stride="16">
            <param type="float4x4"/>
          </accessor>
        </technique_common>
      </source>
      <source id="mixamorig_Spine-Interpolations">
        <Name_array id="mixamorig_Spine-Interpolations-array" count="32">
 LINEAR LINEAR LINEAR LINEAR LINEAR LINEAR LINEAR LINEAR LINEAR LINEAR LINEAR
LINEAR LINEAR LINEAR LINEAR LINEAR LINEAR LINEAR LINEAR LINEAR LINEAR LINEAR LINEAR
LINEAR LINEAR LINEAR LINEAR LINEAR LINEAR LINEAR LINEAR LINEAR</Name_array>
        <technique_common>
          <accessor source="#mixamorig_Spine-Interpolations-array" count="32">
            <param type="name"/>
          </accessor>
        </technique_common>
      </source>
      <sampler id="mixamorig_Spine-Matrix-animation-transform">
        <input semantic="INPUT" source="#mixamorig_Spine-Matrix-animation-input"/>
        <input semantic="OUTPUT" source="#mixamorig_Spine-Matrix-animation-output-transform"/>
        <input semantic="INTERPOLATION" source="#mixamorig_Spine-Interpolations"/>
      </sampler>
      <channel source="#mixamorig_Spine-Matrix-animation-transform" target="mixamorig_Spine/matrix"/>
    </animation>
    <animation id="mixamorig_Spine1-anim" name="mixamorig_Spine1">
      <source id="mixamorig_Spine1-Matrix-animation-input">
        <float_array id="mixamorig_Spine1-Matrix-animation-input-array" count="32">

0.000000 0.033333 0.066667 0.100000 0.133333 0.166667 0.200000 0.233333 0.266667 0.300000 0.333333 0.366667 0.400000 0.433333 0.466667 0.500000
0.533333 0.566667 0.600000 0.633333 0.666667 0.700000 0.733333 0.766667 0.800000 0.833333 0.866667 0.900000 0.933333 0.966667 1.000000 1.033333</float_array>
        <technique_common>
          <accessor source="#mixamorig_Spine1-Matrix-animation-input-array" count="32">
            <param name="TIME" type="float"/>
          </accessor>
        </technique_common>
      </source>
      <source id="mixamorig_Spine1-Matrix-animation-output-transform">
        <float_array id="mixamorig_Spine1-Matrix-animation-output-transform-array" count="512">

0.995735 -0.019404 -0.090200 0.000000 0.012674 0.997134 -0.074589 12.864400 0.091389 0.073128 0.993127 -0.000000 0.000000 0.000000 0.000000 1.000000
0.996380 -0.010588 -0.084350 0.000000 0.004310 0.997230 -0.074259 12.864400 0.084902 0.073627 0.993665 0.000000 0.000000 0.000000 0.000000 1.000000
0.996740 -0.005243 -0.080511 -0.000000 -0.000713 0.997275 -0.073771 12.864400 0.080679 0.073588 0.994020 0.000000 0.000000 0.000000 0.000000 1.000000
0.997024 -0.004878 -0.076937 0.000000 -0.000679 0.997402 -0.072035 12.864400 0.077089 0.071873 0.994430 0.000000 0.000000 0.000000 0.000000 1.000000
0.997469 -0.010721 -0.070290 0.000000 0.005948 0.997684 -0.067764 12.864400 0.070853 0.067175 0.995222 0.000000 0.000000 0.000000 0.000000 1.000000
0.997889 -0.018196 -0.062349 0.000000 0.014141 0.997794 -0.064866 12.864400 0.063391 0.063847 0.995944 0.000000 0.000000 0.000000 0.000000 1.000000
0.998211 -0.020336 -0.056226 -0.000000 0.016571 0.997640 -0.066638 12.864400 0.057448 0.065587 0.996192 0.000000 0.000000 0.000000 0.000000 1.000000
0.998463 -0.014180 -0.053572 0.000000 0.010416 0.997500 -0.069897 12.864400 0.054429 0.069232 0.996115 0.000000 0.000000 0.000000 0.000000 1.000000
0.998544 -0.003259 -0.053845 0.000000 -0.000690 0.997320 -0.073158 12.864400 0.053939 0.073088 0.995866 0.000000 0.000000 0.000000 0.000000 1.000000
0.998388 0.002702 -0.056698 0.000000 -0.006716 0.997472 -0.070736 12.864400 0.056364 0.071003 0.995882 0.000000 0.000000 0.000000 0.000000 1.000000
0.998117 0.008930 -0.060689 0.000000 -0.013050 0.997612 -0.067827 12.864400 0.059938 0.068491 0.995850 -0.000000 0.000000 0.000000 0.000000 1.000000
0.998006 0.019619 -0.059998 0.000000 -0.023804 0.997273 -0.069858 12.864400 0.058464 0.071147 0.995751 0.000000 0.000000 0.000000 0.000000 1.000000
0.997952 0.026746 -0.058107 0.000000 -0.030915 0.996920 -0.072081 12.864400 0.056000 0.073730 0.995705 0.000000 0.000000 0.000000 0.000000 1.000000
0.997629 0.022800 -0.064933 0.000000 -0.027482 0.997015 -0.072147 12.864400 0.063094 0.073760 0.995278 0.000000 0.000000 0.000000 0.000000 1.000000
0.997082 0.016612 -0.074512 0.000000 -0.021994 0.997162 -0.071995 12.864400 0.073104 0.073424 0.994618 0.000000 0.000000 0.000000 0.000000 1.000000
0.996857 0.011341 -0.078403 0.000000 -0.017016 0.997252 -0.072101 12.864400 0.077370 0.073209 0.994311 -0.000000 0.000000 0.000000 0.000000 1.000000
0.996721 0.003760 -0.080828 0.000000 -0.009672 0.997294 -0.072879 12.864400 0.080335 0.073422 0.994060 -0.000000 0.000000 0.000000 0.000000 1.000000
0.996260 -0.005337 -0.086240 -0.000000 -0.000898 0.997397 -0.072099 12.864400 0.086401 0.071907 0.993662 0.000000 0.000000 0.000000 0.000000 1.000000
0.995509 -0.010863 -0.094037 -0.000000 0.004439 0.997659 -0.068247 12.864400 0.094558 0.067523 0.993227 0.000000 0.000000 0.000000 0.000000 1.000000
0.994654 -0.009967 -0.102783 0.000000 0.003454 0.997985 -0.063350 12.864400 0.103208 0.062656 0.992684 0.000000 0.000000 0.000000 0.000000 1.000000
0.993658 -0.005894 -0.112287 0.000000 -0.000607 0.998329 -0.057778 12.864400 0.112440 0.057480 0.991995 0.000000 0.000000 0.000000 0.000000 1.000000
0.992599 -0.002063 -0.121419 0.000000 -0.004549 0.998522 -0.054153 12.864400 0.121351 0.054304 0.991123 -0.000000 0.000000 0.000000 0.000000 1.000000
0.991976 -0.002525 -0.126399 0.000000 -0.004616 0.998410 -0.056171 12.864400 0.126340 0.056304 0.990388 0.000000 0.000000 0.000000 0.000000 1.000000
0.991750 -0.009650 -0.127820 -0.000000 0.002103 0.998253 -0.059047 12.864400 0.128167 0.058291 0.990038 -0.000000 0.000000 0.000000 0.000000 1.000000
0.991757 -0.020426 -0.126497 0.000000 0.013104 0.998204 -0.058448 12.864400 0.127464 0.056308 0.990244 0.000000 0.000000 0.000000 0.000000 1.000000
0.992150 -0.032533 -0.120748 -0.000000 0.025145 0.997746 -0.062212 12.864400 0.122500 0.058688 0.990732 0.000000 0.000000 0.000000 0.000000 1.000000
0.992071 -0.041383 -0.118668 0.000000 0.033468 0.997129 -0.067929 12.864400 0.121139 0.063419 0.990608 0.000000 0.000000 0.000000 0.000000 1.000000
0.991305 -0.045199 -0.123575 0.000000 0.036457 0.996730 -0.072109 12.864400 0.126430 0.066977 0.989712 0.000000 0.000000 0.000000 0.000000 1.000000
0.991409 -0.044611 -0.122957 0.000000 0.035719 0.996648 -0.073600 12.864400 0.125829 0.068575 0.989679 0.000000 0.000000 0.000000 0.000000 1.000000
0.992893 -0.037498 -0.112951 -0.000000 0.029121 0.996764 -0.074922 12.864400 0.115395 0.071100 0.990772 0.000000 0.000000 0.000000 0.000000 1.000000
0.994480 -0.028837 -0.100885 0.000000 0.021298 0.996954 -0.075028 12.864400 0.102742 0.072465 0.992065 0.000000 0.000000 0.000000 0.000000 1.000000
0.995735 -0.019404 -0.090200 0.000000 0.012674 0.997134 -0.074589 12.864400 0.091389 0.073128 0.993127 0.000000 0.000000 0.000000 0.000000 1.000000</float_array>
        <technique_common>
          <accessor source="#mixamorig_Spine1-Matrix-animation-output-transform-array" count="32" stride="16">
            <param type="float4x4"/>
          </accessor>
        </technique_common>
      </source>
      <source id="mixamorig_Spine1-Interpolations">
        <Name_array id="mixamorig_Spine1-Interpolations-array" count="32">
 LINEAR LINEAR LINEAR LINEAR LINEAR LINEAR LINEAR LINEAR LINEAR LINEAR LINEAR
LINEAR LINEAR LINEAR LINEAR LINEAR LINEAR LINEAR LINEAR LINEAR LINEAR LINEAR LINEAR
LINEAR LINEAR LINEAR LINEAR LINEAR LINEAR LINEAR LINEAR LINEAR</Name_array>
        <technique_common>
          <accessor source="#mixamorig_Spine1-Interpolations-array" count="32">
            <param type="name"/>
          </accessor>
        </technique_common>
      </source>
      <sampler id="mixamorig_Spine1-Matrix-animation-transform">
        <input semantic="INPUT" source="#mixamorig_Spine1-Matrix-animation-input"/>
        <input semantic="OUTPUT" source="#mixamorig_Spine1-Matrix-animation-output-transform"/>
        <input semantic="INTERPOLATION" source="#mixamorig_Spine1-Interpolations"/>
      </sampler>
      <channel source="#mixamorig_Spine1-Matrix-animation-transform" target="mixamorig_Spine1/matrix"/>
    </animation>
    <animation id="mixamorig_Spine2-anim" name="mixamorig_Spine2">
      <source id="mixamorig_Spine2-Matrix-animation-input">
        <float_array id="mixamorig_Spine2-Matrix-animation-input-array" count="32">

0.000000 0.033333 0.066667 0.100000 0.133333 0.166667 0.200000 0.233333 0.266667 0.300000 0.333333 0.366667 0.400000 0.433333 0.466667 0.500000
0.533333 0.566667 0.600000 0.633333 0.666667 0.700000 0.733333 0.766667 0.800000 0.833333 0.866667 0.900000 0.933333 0.966667 1.000000 1.033333</float_array>
        <technique_common>
          <accessor source="#mixamorig_Spine2-Matrix-animation-input-array" count="32">
            <param name="TIME" type="float"/>
          </accessor>
        </technique_common>
      </source>
      <source id="mixamorig_Spine2-Matrix-animation-output-transform">
        <float_array id="mixamorig_Spine2-Matrix-animation-output-transform-array" count="512">

0.995699 -0.019074 -0.090660 0.000000 0.012350 0.997170 -0.074161 14.702200 0.091818 0.072723 0.993117 0.000000 0.000000 0.000000 0.000000 1.000000
0.996337 -0.010211 -0.084904 0.000000 0.003937 0.997270 -0.073737 14.702200 0.085425 0.073133 0.993657 -0.000000 0.000000 0.000000 0.000000 1.000000
0.996702 -0.004772 -0.081010 0.000000 -0.001182 0.997309 -0.073296 14.702200 0.081142 0.073150 0.994015 -0.000000 0.000000 0.000000 0.000000 1.000000
0.997005 -0.004399 -0.077213 -0.000000 -0.001157 0.997421 -0.071766 14.702200 0.077329 0.071641 0.994428 0.000000 0.000000 0.000000 0.000000 1.000000
0.997481 -0.010418 -0.070159 0.000000 0.005647 0.997679 -0.067864 14.702200 0.070704 0.067297 0.995225 0.000000 0.000000 0.000000 0.000000 1.000000
0.997921 -0.018139 -0.061840 0.000000 0.014093 0.997770 -0.065249 14.702200 0.062886 0.064241 0.995951 0.000000 0.000000 0.000000 0.000000 1.000000
0.998238 -0.020301 -0.055761 -0.000000 0.016548 0.997619 -0.066948 14.702200 0.056988 0.065908 0.996197 0.000000 0.000000 0.000000 0.000000 1.000000
0.998470 -0.014048 -0.053473 -0.000000 0.010288 0.997497 -0.069956 14.702200 0.054322 0.069299 0.996116 0.000000 0.000000 0.000000 0.000000 1.000000
0.998535 -0.003005 -0.054033 0.000000 -0.000950 0.997329 -0.073028 14.702200 0.054108 0.072972 0.995865 -0.000000 0.000000 0.000000 0.000000 1.000000
0.998374 0.003114 -0.056914 0.000000 -0.007134 0.997482 -0.070566 14.702200 0.056551 0.070857 0.995882 0.000000 0.000000 0.000000 0.000000 1.000000
0.998082 0.009565 -0.061157 0.000000 -0.013688 0.997634 -0.067366 14.702200 0.060368 0.068074 0.995852 0.000000 0.000000 0.000000 0.000000 1.000000
0.997958 0.020281 -0.060573 0.000000 -0.024470 0.997301 -0.069226 14.702200 0.059006 0.070567 0.995760 -0.000000 0.000000 0.000000 0.000000 1.000000
0.997908 0.027308 -0.058605 0.000000 -0.031481 0.996943 -0.071512 14.702200 0.056473 0.073207 0.995717 -0.000000 0.000000 0.000000 0.000000 1.000000
0.997596 0.023304 -0.065267 -0.000000 -0.027978 0.997038 -0.071644 14.702200 0.063404 0.073298 0.995293 0.000000 0.000000 0.000000 0.000000 1.000000
0.997056 0.017039 -0.074755 -0.000000 -0.022407 0.997184 -0.071565 14.702200 0.073325 0.073029 0.994631 -0.000000 0.000000 0.000000 0.000000 1.000000
0.996831 0.011692 -0.078690 0.000000 -0.017361 0.997272 -0.071750 14.702200 0.077637 0.072889 0.994314 -0.000000 0.000000 0.000000 0.000000 1.000000
0.996688 0.004130 -0.081214 0.000000 -0.010036 0.997321 -0.072453 14.702200 0.080697 0.073028 0.994060 0.000000 0.000000 0.000000 0.000000 1.000000
0.996217 -0.004984 -0.086760 -0.000000 -0.001240 0.997438 -0.071528 14.702200 0.086894 0.071365 0.993658 -0.000000 0.000000 0.000000 0.000000 1.000000
0.995444 -0.010695 -0.094751 0.000000 0.004309 0.997720 -0.067349 14.702200 0.095255 0.066634 0.993220 0.000000 0.000000 0.000000 0.000000 1.000000
0.994567 -0.010097 -0.103611 -0.000000 0.003663 0.998063 -0.062106 14.702200 0.104037 0.061389 0.992677 -0.000000 0.000000 0.000000 0.000000 1.000000
0.993566 -0.006638 -0.113060 -0.000000 0.000241 0.998403 -0.056500 14.702200 0.113255 0.056110 0.991980 0.000000 0.000000 0.000000 0.000000 1.000000
0.992504 -0.003265 -0.122169 0.000000 -0.003223 0.998596 -0.052872 14.702200 0.122170 0.052870 0.991100 0.000000 0.000000 0.000000 0.000000 1.000000
0.991876 -0.003484 -0.127159 -0.000000 -0.003511 0.998494 -0.054745 14.702200 0.127158 0.054747 0.990370 0.000000 0.000000 0.000000 0.000000 1.000000
0.991658 -0.010238 -0.128492 -0.000000 0.002844 0.998336 -0.057594 14.702200 0.128868 0.056748 0.990037 -0.000000 0.000000 0.000000 0.000000 1.000000
0.991673 -0.020543 -0.127135 0.000000 0.013388 0.998291 -0.056879 14.702200 0.128086 0.054704 0.990253 0.000000 0.000000 0.000000 0.000000 1.000000
0.992077 -0.031947 -0.121500 -0.000000 0.024704 0.997853 -0.060657 14.702200 0.123177 0.057175 0.990736 0.000000 0.000000 0.000000 0.000000 1.000000
0.992013 -0.040603 -0.119420 0.000000 0.032799 0.997240 -0.066602 14.702200 0.121795 0.062153 0.990607 0.000000 0.000000 0.000000 0.000000 1.000000
0.991252 -0.044378 -0.124299 0.000000 0.035749 0.996849 -0.070809 14.702200 0.127049 0.065746 0.989715 0.000000 0.000000 0.000000 0.000000 1.000000
0.991370 -0.044073 -0.123463 0.000000 0.035271 0.996738 -0.072589 14.702200 0.126259 0.067608 0.989691 0.000000 0.000000 0.000000 0.000000 1.000000
0.992859 -0.037218 -0.113336 -0.000000 0.028897 0.996825 -0.074197 14.702200 0.115737 0.070392 0.990782 -0.000000 0.000000 0.000000 0.000000 1.000000
0.994450 -0.028601 -0.101249 0.000000 0.021086 0.996996 -0.074527 14.702200 0.103077 0.071979 0.992066 0.000000 0.000000 0.000000 0.000000 1.000000
0.995699 -0.019074 -0.090660 -0.000000 0.012350 0.997170 -0.074161 14.702200 0.091818 0.072723 0.993117 0.000000 0.000000 0.000000 0.000000 1.000000</float_array>
        <technique_common>
          <accessor source="#mixamorig_Spine2-Matrix-animation-output-transform-array" count="32" stride="16">
            <param type="float4x4"/>
          </accessor>
        </technique_common>
      </source>
      <source id="mixamorig_Spine2-Interpolations">
        <Name_array id="mixamorig_Spine2-Interpolations-array" count="32">
 LINEAR LINEAR LINEAR LINEAR LINEAR LINEAR LINEAR LINEAR LINEAR LINEAR LINEAR
LINEAR LINEAR LINEAR LINEAR LINEAR LINEAR LINEAR LINEAR LINEAR LINEAR LINEAR LINEAR
LINEAR LINEAR LINEAR LINEAR LINEAR LINEAR LINEAR LINEAR LINEAR</Name_array>
        <technique_common>
          <accessor source="#mixamorig_Spine2-Interpolations-array" count="32">
            <param type="name"/>
          </accessor>
        </technique_common>
      </source>
      <sampler id="mixamorig_Spine2-Matrix-animation-transform">
        <input semantic="INPUT" source="#mixamorig_Spine2-Matrix-animation-input"/>
        <input semantic="OUTPUT" source="#mixamorig_Spine2-Matrix-animation-output-transform"/>
        <input semantic="INTERPOLATION" source="#mixamorig_Spine2-Interpolations"/>
      </sampler>
      <channel source="#mixamorig_Spine2-Matrix-animation-transform" target="mixamorig_Spine2/matrix"/>
    </animation>
    <animation id="mixamorig_Neck-anim" name="mixamorig_Neck">
      <source id="mixamorig_Neck-Matrix-animation-input">
        <float_array id="mixamorig_Neck-Matrix-animation-input-array" count="32">

0.000000 0.033333 0.066667 0.100000 0.133333 0.166667 0.200000 0.233333 0.266667 0.300000 0.333333 0.366667 0.400000 0.433333 0.466667 0.500000
0.533333 0.566667 0.600000 0.633333 0.666667 0.700000 0.733333 0.766667 0.800000 0.833333 0.866667 0.900000 0.933333 0.966667 1.000000 1.033333</float_array>
        <technique_common>
          <accessor source="#mixamorig_Neck-Matrix-animation-input-array" count="32">
            <param name="TIME" type="float"/>
          </accessor>
        </technique_common>
      </source>
      <source id="mixamorig_Neck-Matrix-animation-output-transform">
        <float_array id="mixamorig_Neck-Matrix-animation-output-transform-array" count="512">

0.994486 0.005575 -0.104723 0.000000 -0.022196 0.987153 -0.158230 16.539900 0.102495 0.159682 0.981833 0.000000 0.000000 0.000000 0.000000 1.000000
0.994420 0.006484 -0.105290 -0.000000 -0.022879 0.987608 -0.155261 16.539900 0.102978 0.156804 0.982246 0.000000 0.000000 0.000000 0.000000 1.000000
0.994345 0.009198 -0.105797 0.000000 -0.025212 0.988205 -0.151048 16.539900 0.103160 0.152861 0.982849 0.000000 0.000000 0.000000 0.000000 1.000000
0.994222 0.012952 -0.106563 0.000000 -0.028375 0.989096 -0.144514 16.539900 0.103530 0.146703 0.983748 0.000000 0.000000 0.000000 0.000000 1.000000
0.993997 0.016417 -0.108164 -0.000000 -0.031447 0.989827 -0.138759 16.539900 0.104786 0.141327 0.984402 -0.000000 0.000000 0.000000 0.000000 1.000000
0.993846 0.019343 -0.109068 0.000000 -0.034287 0.989997 -0.136857 16.539900 0.105330 0.139754 0.984568 0.000000 0.000000 0.000000 0.000000 1.000000
0.993838 0.019510 -0.109110 0.000000 -0.034300 0.990202 -0.135366 16.539900 0.105400 0.138275 0.984769 0.000000 0.000000 0.000000 0.000000 1.000000
0.993867 0.016594 -0.109332 0.000000 -0.031464 0.990246 -0.135729 16.539900 0.106013 0.138337 0.984695 0.000000 0.000000 0.000000 0.000000 1.000000
0.993928 0.014025 -0.109138 0.000000 -0.029290 0.989781 -0.139553 16.539900 0.106066 0.141902 0.984182 0.000000 0.000000 0.000000 0.000000 1.000000
0.994108 0.014742 -0.107384 0.000000 -0.029999 0.989429 -0.141878 16.539900 0.104157 0.144264 0.984042 0.000000 0.000000 0.000000 0.000000 1.000000
0.994229 0.014876 -0.106246 0.000000 -0.029760 0.989717 -0.139912 16.539900 0.103072 0.142267 0.984447 -0.000000 0.000000 0.000000 0.000000 1.000000
0.994293 0.013086 -0.105878 0.000000 -0.027647 0.990149 -0.137258 16.539900 0.103039 0.139402 0.984860 -0.000000 0.000000 0.000000 0.000000 1.000000
0.994479 0.015447 -0.103792 0.000000 -0.029600 0.990234 -0.136239 16.539900 0.100674 0.138559 0.985224 0.000000 0.000000 0.000000 0.000000 1.000000
0.994711 0.022156 -0.100294 -0.000000 -0.035846 0.989946 -0.136830 16.539900 0.096254 0.139702 0.985504 -0.000000 0.000000 0.000000 0.000000 1.000000
0.994778 0.028164 -0.098101 0.000000 -0.041900 0.989134 -0.140917 16.539900 0.093067 0.144292 0.985149 0.000000 0.000000 0.000000 0.000000 1.000000
0.994720 0.031320 -0.097732 0.000000 -0.045632 0.987958 -0.147838 16.539900 0.091925 0.151518 0.984171 0.000000 0.000000 0.000000 0.000000 1.000000
0.994685 0.032632 -0.097655 -0.000000 -0.047418 0.987065 -0.153150 16.539900 0.091394 0.156966 0.983366 -0.000000 0.000000 0.000000 0.000000 1.000000
0.994688 0.032847 -0.097553 0.000000 -0.047786 0.986759 -0.154997 16.539900 0.091170 0.158835 0.983087 0.000000 0.000000 0.000000 0.000000 1.000000
0.994787 0.029688 -0.097556 0.000000 -0.044653 0.986905 -0.154998 16.539900 0.091677 0.158546 0.983086 -0.000000 0.000000 0.000000 0.000000 1.000000
0.994907 0.023687 -0.097979 0.000000 -0.038584 0.987462 -0.153066 16.539900 0.093125 0.156067 0.983347 -0.000000 0.000000 0.000000 0.000000 1.000000
0.994815 0.023506 -0.098949 -0.000000 -0.038141 0.988143 -0.148724 16.539900 0.094279 0.151727 0.983916 -0.000000 0.000000 0.000000 0.000000 1.000000
0.994631 0.023557 -0.100765 -0.000000 -0.037918 0.988985 -0.143075 16.539900 0.096285 0.146128 0.984569 -0.000000 0.000000 0.000000 0.000000 1.000000
0.994478 0.021887 -0.102642 -0.000000 -0.035980 0.989843 -0.137535 16.539900 0.098589 0.140468 0.985164 -0.000000 0.000000 0.000000 0.000000 1.000000
0.994423 0.022818 -0.102970 0.000000 -0.036810 0.990010 -0.136108 16.539900 0.098836 0.139140 0.985328 0.000000 0.000000 0.000000 0.000000 1.000000
0.994543 0.022578 -0.101857 0.000000 -0.036554 0.989824 -0.137519 16.539900 0.097715 0.140491 0.985248 -0.000000 0.000000 0.000000 0.000000 1.000000
0.994751 0.024267 -0.099410 -0.000000 -0.037936 0.989704 -0.138014 16.539900 0.095037 0.141060 0.985429 0.000000 0.000000 0.000000 0.000000 1.000000
0.994988 0.023902 -0.097100 0.000000 -0.037478 0.989370 -0.140504 16.539900 0.092710 0.143439 0.985307 0.000000 0.000000 0.000000 0.000000 1.000000
0.995077 0.013038 -0.098247 0.000000 -0.027464 0.988762 -0.146952 16.539900 0.095227 0.148926 0.984252 0.000000 0.000000 0.000000 0.000000 1.000000
0.994893 0.009424 -0.100498 0.000000 -0.024299 0.988714 -0.147830 16.539900 0.097970 0.149517 0.983894 0.000000 0.000000 0.000000 0.000000 1.000000
0.994776 0.008750 -0.101709 -0.000000 -0.023962 0.988497 -0.149328 16.539900 0.099232 0.150985 0.983543 0.000000 0.000000 0.000000 0.000000 1.000000
0.994661 0.008233 -0.102871 0.000000 -0.024147 0.987708 -0.154433 16.539900 0.100335 0.156092 0.982633 -0.000000 0.000000 0.000000 0.000000 1.000000
0.994486 0.005575 -0.104722 -0.000000 -0.022196 0.987153 -0.158231 16.539900 0.102495 0.159683 0.981833 0.000000 0.000000 0.000000 0.000000 1.000000</float_array>
        <technique_common>
          <accessor source="#mixamorig_Neck-Matrix-animation-output-transform-array" count="32" stride="16">
            <param type="float4x4"/>
          </accessor>
        </technique_common>
      </source>
      <source id="mixamorig_Neck-Interpolations">
        <Name_array id="mixamorig_Neck-Interpolations-array" count="32">
 LINEAR LINEAR LINEAR LINEAR LINEAR LINEAR LINEAR LINEAR LINEAR LINEAR LINEAR
LINEAR LINEAR LINEAR LINEAR LINEAR LINEAR LINEAR LINEAR LINEAR LINEAR LINEAR LINEAR
LINEAR LINEAR LINEAR LINEAR LINEAR LINEAR LINEAR LINEAR LINEAR</Name_array>
        <technique_common>
          <accessor source="#mixamorig_Neck-Interpolations-array" count="32">
            <param type="name"/>
          </accessor>
        </technique_common>
      </source>
      <sampler id="mixamorig_Neck-Matrix-animation-transform">
        <input semantic="INPUT" source="#mixamorig_Neck-Matrix-animation-input"/>
        <input semantic="OUTPUT" source="#mixamorig_Neck-Matrix-animation-output-transform"/>
        <input semantic="INTERPOLATION" source="#mixamorig_Neck-Interpolations"/>
      </sampler>
      <channel source="#mixamorig_Neck-Matrix-animation-transform" target="mixamorig_Neck/matrix"/>
    </animation>
    <animation id="mixamorig_Head-anim" name="mixamorig_Head">
      <source id="mixamorig_Head-Matrix-animation-input">
        <float_array id="mixamorig_Head-Matrix-animation-input-array" count="32">

0.000000 0.033333 0.066667 0.100000 0.133333 0.166667 0.200000 0.233333 0.266667 0.300000 0.333333 0.366667 0.400000 0.433333 0.466667 0.500000
0.533333 0.566667 0.600000 0.633333 0.666667 0.700000 0.733333 0.766667 0.800000 0.833333 0.866667 0.900000 0.933333 0.966667 1.000000 1.033333</float_array>
        <technique_common>
          <accessor source="#mixamorig_Head-Matrix-animation-input-array" count="32">
            <param name="TIME" type="float"/>
          </accessor>
        </technique_common>
      </source>
      <source id="mixamorig_Head-Matrix-animation-output-transform">
        <float_array id="mixamorig_Head-Matrix-animation-output-transform-array" count="512">

0.811259 -0.084352 -0.578570 0.000000 0.164675 0.982444 0.087669 6.188500 0.561018 -0.166398 0.810907 2.321600 0.000000 0.000000 0.000000 1.000000
0.808955 -0.089937 -0.580950 -0.000000 0.168458 0.982249 0.082510 6.188500 0.563218 -0.164613 0.809746 2.321600 0.000000 0.000000 0.000000 1.000000
0.805240 -0.095092 -0.585275 0.000000 0.177625 0.980413 0.085090 6.188500 0.565719 -0.172478 0.806358 2.321600 0.000000 0.000000 0.000000 1.000000
0.801711 -0.096872 -0.589810 0.000000 0.185697 0.978316 0.091732 6.188500 0.568134 -0.183068 0.802315 2.321600 0.000000 0.000000 0.000000 1.000000
0.798632 -0.092698 -0.594638 0.000000 0.189352 0.976590 0.102069 6.188500 0.571255 -0.194111 0.797489 2.321600 0.000000 0.000000 0.000000 1.000000
0.796852 -0.090503 -0.597357 -0.000000 0.196330 0.973847 0.114353 6.188500 0.571385 -0.208402 0.793781 2.321600 0.000000 0.000000 0.000000 1.000000
0.794768 -0.098145 -0.598926 0.000000 0.211402 0.969805 0.121608 6.188500 0.568906 -0.223264 0.791517 2.321600 0.000000 0.000000 0.000000 1.000000
0.791012 -0.110590 -0.601722 0.000000 0.226115 0.966734 0.119572 6.188500 0.568482 -0.230641 0.789704 2.321600 0.000000 0.000000 0.000000 1.000000
0.787794 -0.123230 -0.603485 0.000000 0.230249 0.967668 0.102973 6.188500 0.571284 -0.220074 0.790697 2.321600 0.000000 0.000000 0.000000 1.000000
0.788377 -0.135194 -0.600154 -0.000000 0.225999 0.970988 0.078148 6.188500 0.572177 -0.197245 0.796058 2.321600 0.000000 0.000000 0.000000 1.000000
0.785312 -0.149569 -0.600761 0.000000 0.236234 0.969351 0.067469 6.188500 0.572257 -0.194904 0.796576 2.321600 0.000000 0.000000 0.000000 1.000000
0.779859 -0.163596 -0.604200 0.000000 0.259442 0.962908 0.074148 6.188500 0.569658 -0.214579 0.793376 2.321600 0.000000 0.000000 0.000000 1.000000
0.785780 -0.160197 -0.597401 0.000000 0.259415 0.962175 0.083203 6.188500 0.561475 -0.220354 0.797615 2.321600 0.000000 0.000000 0.000000 1.000000
0.799714 -0.141510 -0.583465 -0.000000 0.234937 0.968090 0.087217 6.188500 0.552505 -0.206826 0.807441 2.321600 0.000000 0.000000 0.000000 1.000000
0.807472 -0.125853 -0.576325 0.000000 0.211182 0.973899 0.083208 6.188500 0.550810 -0.188897 0.812973 2.321600 0.000000 0.000000 0.000000 1.000000
0.809005 -0.116703 -0.576101 0.000000 0.195267 0.977791 0.076133 6.188500 0.554421 -0.174086 0.813825 2.321600 0.000000 0.000000 0.000000 1.000000
0.810023 -0.108754 -0.576225 0.000000 0.182854 0.980501 0.071991 6.188500 0.557160 -0.163680 0.814114 2.321600 0.000000 0.000000 0.000000 1.000000
0.811749 -0.101712 -0.575081 -0.000000 0.173518 0.982254 0.071201 6.188500 0.557634 -0.157584 0.814992 2.321600 0.000000 0.000000 0.000000 1.000000
0.812658 -0.101074 -0.573909 0.000000 0.172666 0.982383 0.071483 6.188500 0.556573 -0.157186 0.815794 2.321600 0.000000 0.000000 0.000000 1.000000
0.810091 -0.110149 -0.575865 0.000000 0.182732 0.980705 0.069470 6.188500 0.557102 -0.161506 0.814588 2.321600 0.000000 0.000000 0.000000 1.000000
0.803238 -0.120636 -0.583314 0.000000 0.193473 0.979020 0.063945 6.188500 0.563362 -0.164218 0.809726 2.321600 0.000000 0.000000 0.000000 1.000000
0.795464 -0.124178 -0.593142 0.000000 0.200292 0.977648 0.063934 6.188500 0.571945 -0.169659 0.802555 2.321600 0.000000 0.000000 0.000000 1.000000
0.790674 -0.119933 -0.600376 -0.000000 0.206105 0.975530 0.076558 6.188500 0.576503 -0.184273 0.796045 2.321600 0.000000 0.000000 0.000000 1.000000
0.792405 -0.106241 -0.600673 0.000000 0.206765 0.973201 0.100634 6.188500 0.573884 -0.203941 0.793136 2.321600 0.000000 0.000000 0.000000 1.000000
0.801852 -0.086443 -0.591237 -0.000000 0.192634 0.974047 0.118844 6.188500 0.565620 -0.209187 0.797693 2.321600 0.000000 0.000000 0.000000 1.000000
0.815810 -0.067823 -0.574329 0.000000 0.171612 0.976758 0.128422 6.188500 0.552271 -0.203330 0.808488 2.321600 0.000000 0.000000 0.000000 1.000000
