<?xml version="1.0" encoding="utf-8"?>
<COLLADA xmlns="http://www.collada.org/2005/11/COLLADASchema" version="1.4.1">
  <asset>
    <contributor>
      <author>Mixamo</author>
      <authoring_tool>COLLADA Mixamo exporter</authoring_tool>
      <comments/>
    </contributor>
    <created>2024-04-19T12:50:45Z</created>
    <modified>2024-04-19T12:50:45Z</modified>
    <revision/>
    <title/>
    <unit meter="0.010000"/>
    <up_axis>Y_UP</up_axis>
  </asset>
  <library_animations>
    <animation id="mixamorig_Hips-anim" name="mixamorig_Hips">
      <source id="mixamorig_Hips-Matrix-animation-input">
        <float_array id="mixamorig_Hips-Matrix-animation-input-array" count="32">

0.000000 0.033333 0.066667 0.100000 0.133333 0.166667 0.200000 0.233333 0.266667 0.300000 0.333333 0.366667 0.400000 0.433333 0.466667 0.500000
0.533333 0.566667 0.600000 0.633333 0.666667 0.700000 0.733333 0.766667 0.800000 0.833333 0.866667 0.900000 0.933333 0.966667 1.000000 1.033333</float_array>
        <technique_common>
          <accessor source="#mixamorig_Hips-Matrix-animation-input-array" count="32">
            <param name="TIME" type="float"/>
          </accessor>
        </technique_common>
      </source>
      <source id="mixamorig_Hips-Matrix-animation-output-transform">
        <float_array id="mixamorig_Hips-Matrix-animation-output-transform-array" count="512">

0.838579 0.022624 -0.544310 -1.273277 -0.084954 0.992345 -0.089637 94.040878 0.538115 0.121409 0.834081 0.695378 0.000000 0.000000 0.000000 1.000000
0.841297 0.023321 -0.540070 -1.359571 -0.084148 0.992540 -0.088223 94.139839 0.533984 0.119668 0.836983 0.658179 0.000000 0.000000 0.000000 1.000000
0.846507 0.020948 -0.531966 -1.408401 -0.085440 0.991619 -0.096911 93.945107 0.525477 0.127487 0.841202 0.364950 0.000000 0.000000 0.000000 1.000000
0.852277 0.018195 -0.522775 -1.443112 -0.087773 0.990200 -0.108631 93.356606 0.515675 0.138469 0.845521 -0.031800 0.000000 0.000000 0.000000 1.000000
0.859777 0.019224 -0.510308 -1.504790 -0.092587 0.988598 -0.118751 92.294785 0.502207 0.149348 0.851753 -0.543511 0.000000 0.000000 0.000000 1.000000
0.870663 0.025368 -0.491225 -1.615520 -0.098615 0.987395 -0.123797 90.789940 0.481893 0.156228 0.862190 -1.169452 0.000000 0.000000 0.000000 1.000000
0.883586 0.031211 -0.467227 -1.723689 -0.101546 0.986804 -0.126119 88.950729 0.457125 0.158882 0.875096 -1.854192 0.000000 0.000000 0.000000 1.000000
0.892200 0.027654 -0.450794 -1.723821 -0.097394 0.986420 -0.132248 86.946762 0.441015 0.161896 0.882777 -2.485696 0.000000 0.000000 0.000000 1.000000
0.887231 0.009636 -0.461225 -1.525113 -0.086918 0.985368 -0.146613 85.017540 0.453064 0.170169 0.875086 -2.953575 0.000000 0.000000 0.000000 1.000000
0.859425 -0.019639 -0.510885 -1.080983 -0.077084 0.982862 -0.167454 83.425995 0.505418 0.183295 0.843182 -3.182485 0.000000 0.000000 0.000000 1.000000
0.802378 -0.052074 -0.594540 -0.372134 -0.075620 0.979286 -0.187829 82.344460 0.592006 0.195669 0.781820 -3.111420 0.000000 0.000000 0.000000 1.000000
0.717755 -0.080723 -0.691601 0.574832 -0.083972 0.975973 -0.201062 81.776924 0.691214 0.202389 0.693730 -2.716284 0.000000 0.000000 0.000000 1.000000
0.620615 -0.100998 -0.777584 1.618587 -0.099324 0.973556 -0.205726 81.582191 0.777800 0.204909 0.594172 -2.107853 0.000000 0.000000 0.000000 1.000000
0.537111 -0.108204 -0.836543 2.502458 -0.121319 0.971518 -0.203556 81.571976 0.834742 0.210820 0.508685 -1.543743 0.000000 0.000000 0.000000 1.000000
0.488298 -0.099291 -0.867010 2.999159 -0.150470 0.969047 -0.195720 81.619514 0.859607 0.226029 0.458244 -1.211524 0.000000 0.000000 0.000000 1.000000
0.471408 -0.079453 -0.878329 3.070901 -0.180882 0.966050 -0.184470 81.716980 0.863167 0.245834 0.441032 -0.984439 0.000000 0.000000 0.000000 1.000000
0.463063 -0.062921 -0.884089 2.839201 -0.199422 0.964504 -0.173096 81.967400 0.863599 0.256461 0.434078 -0.554686 0.000000 0.000000 0.000000 1.000000
0.446231 -0.060976 -0.892838 2.423161 -0.195883 0.966828 -0.163929 82.506660 0.873217 0.248043 0.419485 0.162917 0.000000 0.000000 0.000000 1.000000
0.430809 -0.069633 -0.899752 1.882951 -0.173704 0.971977 -0.158393 83.399529 0.885568 0.224527 0.406641 0.924999 0.000000 0.000000 0.000000 1.000000
0.442023 -0.074787 -0.893881 1.281034 -0.146362 0.977150 -0.154130 84.595810 0.884983 0.198959 0.420977 1.422673 0.000000 0.000000 0.000000 1.000000
0.488171 -0.069474 -0.869978 0.696994 -0.124430 0.981103 -0.148170 85.953529 0.863832 0.180584 0.470302 1.523975 0.000000 0.000000 0.000000 1.000000
0.550225 -0.060384 -0.832830 0.183770 -0.109445 0.983563 -0.143619 87.301491 0.827813 0.170172 0.534572 1.323464 0.000000 0.000000 0.000000 1.000000
0.606176 -0.056378 -0.793330 -0.237318 -0.098146 0.984558 -0.144961 88.521690 0.789252 0.165734 0.591282 1.014600 0.000000 0.000000 0.000000 1.000000
0.652816 -0.056329 -0.755420 -0.546066 -0.089867 0.984430 -0.151066 89.590004 0.752167 0.166506 0.637589 0.714976 0.000000 0.000000 0.000000 1.000000
0.699948 -0.051808 -0.712313 -0.725008 -0.086535 0.983865 -0.156592 90.530907 0.708932 0.171247 0.684171 0.425600 0.000000 0.000000 0.000000 1.000000
0.751978 -0.038063 -0.658088 -0.793087 -0.088429 0.983483 -0.157930 91.316536 0.653230 0.176954 0.736192 0.115130 0.000000 0.000000 0.000000 1.000000
0.800620 -0.018637 -0.598883 -0.811097 -0.093289 0.983450 -0.155318 91.959991 0.591866 0.180220 0.785631 -0.197253 0.000000 0.000000 0.000000 1.000000
0.823494 -0.002950 -0.567317 -0.847920 -0.097487 0.984377 -0.146626 92.564133 0.558886 0.176051 0.810341 -0.416894 0.000000 0.000000 0.000000 1.000000
0.835489 0.009691 -0.549422 -0.913174 -0.100242 0.985755 -0.135049 93.099564 0.540287 0.167907 0.824559 -0.381766 0.000000 0.000000 0.000000 1.000000
0.841330 0.017618 -0.540235 -1.015690 -0.098154 0.987832 -0.120643 93.528183 0.531536 0.154527 0.832821 -0.067758 0.000000 0.000000 0.000000 1.000000
0.839846 0.020623 -0.542433 -1.149847 -0.090776 0.990542 -0.102887 93.816772 0.535181 0.135649 0.833775 0.388957 0.000000 0.000000 0.000000 1.000000
0.838579 0.022624 -0.544310 -1.273277 -0.084954 0.992345 -0.089637 94.040878 0.538115 0.121409 0.834081 0.695378 0.000000 0.000000 0.000000 1.000000</float_array>
        <technique_common>
          <accessor source="#mixamorig_Hips-Matrix-animation-output-transform-array" count="32" stride="16">
            <param type="float4x4"/>
          </accessor>
        </technique_common>
      </source>
      <source id="mixamorig_Hips-Interpolations">
        <Name_array id="mixamorig_Hips-Interpolations-array" count="32">
 LINEAR LINEAR LINEAR LINEAR LINEAR LINEAR LINEAR LINEAR LINEAR LINEAR LINEAR
LINEAR LINEAR LINEAR LINEAR LINEAR LINEAR LINEAR LINEAR LINEAR LINEAR LINEAR LINEAR
LINEAR LINEAR LINEAR LINEAR LINEAR LINEAR LINEAR LINEAR LINEAR</Name_array>
        <technique_common>
          <accessor source="#mixamorig_Hips-Interpolations-array" count="32">
            <param type="name"/>
          </accessor>
        </technique_common>
      </source>
      <sampler id="mixamorig_Hips-Matrix-animation-transform">
        <input semantic="INPUT" source="#mixamorig_Hips-Matrix-animation-input"/>
        <input semantic="OUTPUT" source="#mixamorig_Hips-Matrix-animation-output-transform"/>
        <input semantic="INTERPOLATION" source="#mixamorig_Hips-Interpolations"/>
      </sampler>
      <channel source="#mixamorig_Hips-Matrix-animation-transform" target="mixamorig_Hips/matrix"/>
    </animation>
    <animation id="mixamorig_Spine-anim" name="mixamorig_Spine">
      <source id="mixamorig_Spine-Matrix-animation-input">
        <float_array id="mixamorig_Spine-Matrix-animation-input-array" count="32">

0.000000 0.033333 0.066667 0.100000 0.133333 0.166667 0.200000 0.233333 0.266667 0.300000 0.333333 0.366667 0.400000 0.433333 0.466667 0.500000
0.533333 0.566667 0.600000 0.633333 0.666667 0.700000 0.733333 0.766667 0.800000 0.833333 0.866667 0.900000 0.933333 0.966667 1.000000 1.033333</float_array>
        <technique_common>
          <accessor source="#mixamorig_Spine-Matrix-animation-input-array" count="32">
            <param name="TIME" type="float"/>
          </accessor>
        </technique_common>
      </source>
      <source id="mixamorig_Spine-Matrix-animation-output-transform">
        <float_array id="mixamorig_Spine-Matrix-animation-output-transform-array" count="512">

0.997413 -0.059646 0.040131 0.000000 0.057738 0.997219 0.047123 10.997300 -0.042830 -0.044684 0.998083 -0.803100 0.000000 0.000000 0.000000 1.000000
0.997547 -0.057495 0.039934 -0.000000 0.055552 0.997293 0.048163 10.997300 -0.042595 -0.045827 0.998041 -0.803100 0.000000 0.000000 0.000000 1.000000
0.997723 -0.054515 0.039710 0.000000 0.052486 0.997347 0.050443 10.997300 -0.042354 -0.048243 0.997937 -0.803100 0.000000 0.000000 0.000000 1.000000
0.997898 -0.051351 0.039528 0.000000 0.049322 0.997495 0.050701 10.997300 -0.042033 -0.048645 0.997931 -0.803100 0.000000 0.000000 0.000000 1.000000
0.997956 -0.049607 0.040275 0.000000 0.047622 0.997671 0.048826 10.997300 -0.042603 -0.046808 0.997995 -0.803100 0.000000 0.000000 0.000000 1.000000
0.997906 -0.048478 0.042819 0.000000 0.046504 0.997860 0.045966 10.997300 -0.044956 -0.043878 0.998025 -0.803100 0.000000 0.000000 0.000000 1.000000
0.997704 -0.047932 0.047848 -0.000000 0.045904 0.998036 0.042627 10.997300 -0.049797 -0.040333 0.997945 -0.803100 0.000000 0.000000 0.000000 1.000000
0.997266 -0.047862 0.056296 0.000000 0.045654 0.998161 0.039868 10.997300 -0.058101 -0.037189 0.997618 -0.803100 0.000000 0.000000 0.000000 1.000000
0.996540 -0.047368 0.068303 0.000000 0.044778 0.998237 0.038962 10.997300 -0.070028 -0.035768 0.996904 -0.803100 0.000000 0.000000 0.000000 1.000000
0.995633 -0.046261 0.081086 -0.000000 0.043177 0.998291 0.039387 10.997300 -0.082769 -0.035714 0.995929 -0.803100 0.000000 0.000000 0.000000 1.000000
0.994989 -0.043671 0.089945 0.000000 0.040228 0.998400 0.039742 10.997300 -0.091537 -0.035924 0.995153 -0.803100 0.000000 0.000000 0.000000 1.000000
0.994982 -0.040241 0.091603 0.000000 0.036771 0.998552 0.039254 10.997300 -0.093050 -0.035689 0.995022 -0.803100 0.000000 0.000000 0.000000 1.000000
0.995558 -0.039855 0.085298 0.000000 0.036630 0.998566 0.039047 10.997300 -0.086732 -0.035749 0.995590 -0.803100 0.000000 0.000000 0.000000 1.000000
0.996426 -0.047045 0.070155 -0.000000 0.044250 0.998184 0.040870 10.997300 -0.071951 -0.037619 0.996699 -0.803100 0.000000 0.000000 0.000000 1.000000
0.997138 -0.060929 0.044756 -0.000000 0.058974 0.997299 0.043775 10.997300 -0.047303 -0.041010 0.998038 -0.803100 0.000000 0.000000 0.000000 1.000000
0.997218 -0.073502 0.012391 0.000000 0.072892 0.996365 0.044092 10.997300 -0.015587 -0.043066 0.998951 -0.803100 0.000000 0.000000 0.000000 1.000000
0.996855 -0.077562 -0.016286 -0.000000 0.078173 0.996097 0.040995 10.997300 0.013043 -0.042139 0.999027 -0.803100 0.000000 0.000000 0.000000 1.000000
0.996719 -0.074978 -0.030497 0.000000 0.076128 0.996355 0.038488 10.997300 0.027501 -0.040683 0.998794 -0.803100 0.000000 0.000000 0.000000 1.000000
0.996956 -0.072952 -0.027526 -0.000000 0.074029 0.996439 0.040352 10.997300 0.024484 -0.042267 0.998806 -0.803100 0.000000 0.000000 0.000000 1.000000
0.997072 -0.075473 -0.012293 -0.000000 0.075973 0.995992 0.047209 10.997300 0.008681 -0.048005 0.998809 -0.803100 0.000000 0.000000 0.000000 1.000000
0.996644 -0.081495 0.007690 0.000000 0.080923 0.995067 0.057387 10.997300 -0.012329 -0.056572 0.998322 -0.803100 0.000000 0.000000 0.000000 1.000000
0.995856 -0.087135 0.026063 0.000000 0.085207 0.994064 0.067653 10.997300 -0.031804 -0.065152 0.997368 -0.803100 0.000000 0.000000 0.000000 1.000000
0.995284 -0.088663 0.039361 0.000000 0.085560 0.993541 0.074543 10.997300 -0.045716 -0.070824 0.996441 -0.803100 0.000000 0.000000 0.000000 1.000000
0.995207 -0.085585 0.047317 0.000000 0.081785 0.993662 0.077117 10.997300 -0.053617 -0.072878 0.995899 -0.803100 0.000000 0.000000 0.000000 1.000000
0.995390 -0.081046 0.051290 0.000000 0.076990 0.994081 0.076653 10.997300 -0.057198 -0.072351 0.995738 -0.803100 0.000000 0.000000 0.000000 1.000000
0.995541 -0.078646 0.052085 0.000000 0.074683 0.994451 0.074093 10.997300 -0.057623 -0.069873 0.995890 -0.803100 0.000000 0.000000 0.000000 1.000000
0.995670 -0.078319 0.050066 0.000000 0.074717 0.994732 0.070179 10.997300 -0.055299 -0.066134 0.996277 -0.803100 0.000000 0.000000 0.000000 1.000000
0.995878 -0.077766 0.046681 -0.000000 0.074656 0.995087 0.065018 10.997300 -0.051508 -0.061265 0.996792 -0.803100 0.000000 0.000000 0.000000 1.000000
0.996141 -0.076120 0.043685 -0.000000 0.073492 0.995554 0.058914 10.997300 -0.047975 -0.055476 0.997307 -0.803100 0.000000 0.000000 0.000000 1.000000
0.996610 -0.070787 0.041935 0.000000 0.068478 0.996183 0.054140 10.997300 -0.045607 -0.051085 0.997652 -0.803100 0.000000 0.000000 0.000000 1.000000
0.997107 -0.064081 0.040880 0.000000 0.062019 0.996830 0.049841 10.997300 -0.043944 -0.047162 0.997920 -0.803100 0.000000 0.000000 0.000000 1.000000
0.997413 -0.059646 0.040131 0.000000 0.057738 0.997219 0.047123 10.997300 -0.042830 -0.044684 0.998083 -0.803100 0.000000 0.000000 0.000000 1.000000</float_array>
        <technique_common>
          <accessor source="#mixamorig_Spine-Matrix-animation-output-transform-array" count="32" stride="16">
            <param type="float4x4"/>
          </accessor>
        </technique_common>
      </source>
      <source id="mixamorig_Spine-Interpolations">
        <Name_array id="mixamorig_Spine-Interpolations-array" count="32">
 LINEAR LINEAR LINEAR LINEAR LINEAR LINEAR LINEAR LINEAR LINEAR LINEAR LINEAR
LINEAR LINEAR LINEAR LINEAR LINEAR LINEAR LINEAR LINEAR LINEAR LINEAR LINEAR LINEAR
LINEAR LINEAR LINEAR LINEAR LINEAR LINEAR LINEAR LINEAR LINEAR</Name_array>
        <technique_common>
          <accessor source="#mixamorig_Spine-Interpolations-array" count="32">
            <param type="name"/>
          </accessor>
        </technique_common>
      </source>
      <sampler id="mixamorig_Spine-Matrix-animation-transform">
        <input semantic="INPUT" source="#mixamorig_Spine-Matrix-animation-input"/>
        <input semantic="OUTPUT" source="#mixamorig_Spine-Matrix-animation-output-transform"/>
        <input semantic="INTERPOLATION" source="#mixamorig_Spine-Interpolations"/>
      </sampler>
      <channel source="#mixamorig_Spine-Matrix-animation-transform" target="mixamorig_Spine/matrix"/>
    </animation>
    <animation id="mixamorig_Spine1-anim" name="mixamorig_Spine1">
      <source id="mixamorig_Spine1-Matrix-animation-input">
        <float_array id="mixamorig_Spine1-Matrix-animation-input-array" count="32">

0.000000 0.033333 0.066667 0.100000 0.133333 0.166667 0.200000 0.233333 0.266667 0.300000 0.333333 0.366667 0.400000 0.433333 0.466667 0.500000
0.533333 0.566667 0.600000 0.633333 0.666667 0.700000 0.733333 0.766667 0.800000 0.833333 0.866667 0.900000 0.933333 0.966667 1.000000 1.033333</float_array>
        <technique_common>
          <accessor source="#mixamorig_Spine1-Matrix-animation-input-array" count="32">
            <param name="TIME" type="float"/>
          </accessor>
        </technique_common>
      </source>
      <source id="mixamorig_Spine1-Matrix-animation-output-transform">
        <float_array id="mixamorig_Spine1-Matrix-animation-output-transform-array" count="512">

0.994139 -0.049750 0.095978 -0.000000 0.056171 0.996277 -0.065401 12.864400 -0.092367 0.070408 0.993233 0.000000 0.000000 0.000000 0.000000 1.000000
0.994332 -0.047238 0.095245 -0.000000 0.053423 0.996553 -0.063466 12.864400 -0.091919 0.068195 0.993429 0.000000 0.000000 0.000000 0.000000 1.000000
0.994649 -0.042800 0.094029 0.000000 0.048568 0.997020 -0.059943 12.864400 -0.091183 0.064189 0.993763 0.000000 0.000000 0.000000 0.000000 1.000000
0.995146 -0.036577 0.091356 0.000000 0.042103 0.997351 -0.059308 12.864400 -0.088945 0.062867 0.994051 0.000000 0.000000 0.000000 0.000000 1.000000
0.995432 -0.031130 0.090254 0.000000 0.036907 0.997327 -0.063057 12.864400 -0.088049 0.066100 0.993921 0.000000 0.000000 0.000000 0.000000 1.000000
0.995211 -0.026806 0.093998 0.000000 0.033512 0.996948 -0.070506 12.864400 -0.091821 0.073318 0.993073 -0.000000 0.000000 0.000000 0.000000 1.000000
0.994255 -0.022622 0.104617 0.000000 0.031028 0.996358 -0.079427 12.864400 -0.102440 0.082217 0.991336 0.000000 0.000000 0.000000 0.000000 1.000000
0.992207 -0.017179 0.123408 0.000000 0.028010 0.995852 -0.086574 12.864400 -0.121408 0.089356 0.988572 0.000000 0.000000 0.000000 0.000000 1.000000
0.988658 -0.010562 0.149810 -0.000000 0.024204 0.995689 -0.089539 12.864400 -0.148219 0.092149 0.984652 0.000000 0.000000 0.000000 0.000000 1.000000
0.983939 -0.005326 0.178424 0.000000 0.021446 0.995842 -0.088541 12.864400 -0.177210 0.090946 0.979962 0.000000 0.000000 0.000000 0.000000 1.000000
0.979701 -0.003069 0.200442 0.000000 0.020690 0.996091 -0.085878 12.864400 -0.199395 0.088282 0.975934 -0.000000 0.000000 0.000000 0.000000 1.000000
0.977714 -0.004224 0.209900 -0.000000 0.022441 0.996172 -0.084485 12.864400 -0.208740 0.087312 0.974066 -0.000000 0.000000 0.000000 0.000000 1.000000
0.978703 -0.010918 0.204992 0.000000 0.029016 0.995916 -0.085491 12.864400 -0.203222 0.089618 0.975023 0.000000 0.000000 0.000000 0.000000 1.000000
0.983033 -0.027514 0.181354 -0.000000 0.043914 0.995236 -0.087047 12.864400 -0.178095 0.093534 0.979558 0.000000 0.000000 0.000000 0.000000 1.000000
0.989805 -0.054701 0.131508 0.000000 0.066532 0.993956 -0.087317 12.864400 -0.125936 0.095176 0.987462 -0.000000 0.000000 0.000000 0.000000 1.000000
0.994662 -0.084209 0.059629 0.000000 0.089234 0.992174 -0.087340 12.864400 -0.051808 0.092195 0.994392 0.000000 0.000000 0.000000 0.000000 1.000000
0.994421 -0.105115 -0.008785 0.000000 0.103959 0.990761 -0.087095 12.864400 0.017859 0.085696 0.996161 -0.000000 0.000000 0.000000 0.000000 1.000000
0.992367 -0.114934 -0.044689 0.000000 0.110921 0.990292 -0.083772 12.864400 0.053884 0.078176 0.995482 -0.000000 0.000000 0.000000 0.000000 1.000000
0.992173 -0.118744 -0.038643 0.000000 0.115521 0.990313 -0.077033 12.864400 0.047416 0.071966 0.996279 0.000000 0.000000 0.000000 0.000000 1.000000
0.992710 -0.120519 -0.001087 -0.000000 0.120153 0.990327 -0.069392 12.864400 0.009439 0.068756 0.997589 -0.000000 0.000000 0.000000 0.000000 1.000000
0.991480 -0.120467 0.049551 -0.000000 0.123445 0.990398 -0.062232 12.864400 -0.041579 0.067819 0.996831 -0.000000 0.000000 0.000000 0.000000 1.000000
0.988499 -0.117284 0.095464 0.000000 0.122886 0.990892 -0.055067 12.864400 -0.088136 0.066165 0.993909 0.000000 0.000000 0.000000 0.000000 1.000000
0.985977 -0.110097 0.125414 0.000000 0.116861 0.991993 -0.047896 12.864400 -0.119137 0.061880 0.990948 0.000000 0.000000 0.000000 0.000000 1.000000
0.985277 -0.099805 0.138812 0.000000 0.106537 0.993424 -0.041930 12.864400 -0.133714 0.056101 0.989431 0.000000 0.000000 0.000000 0.000000 1.000000
0.985833 -0.089483 0.141865 -0.000000 0.095838 0.994648 -0.038599 12.864400 -0.137652 0.051648 0.989133 -0.000000 0.000000 0.000000 0.000000 1.000000
0.986872 -0.082276 0.138977 -0.000000 0.088436 0.995329 -0.038733 12.864400 -0.135141 0.050515 0.989538 0.000000 0.000000 0.000000 0.000000 1.000000
0.988287 -0.077983 0.131177 -0.000000 0.084132 0.995569 -0.041996 12.864400 -0.127321 0.052540 0.990469 0.000000 0.000000 0.000000 0.000000 1.000000
0.989914 -0.074121 0.120731 -0.000000 0.080356 0.995628 -0.047614 12.864400 -0.116674 0.056835 0.991543 0.000000 0.000000 0.000000 0.000000 1.000000
0.991344 -0.069485 0.111395 0.000000 0.075863 0.995651 -0.054073 12.864400 -0.107153 0.062055 0.992304 -0.000000 0.000000 0.000000 0.000000 1.000000
0.992531 -0.062504 0.104769 0.000000 0.068956 0.995865 -0.059138 12.864400 -0.100639 0.065921 0.992737 -0.000000 0.000000 0.000000 0.000000 1.000000
0.993521 -0.054857 0.099537 0.000000 0.061336 0.996112 -0.063241 12.864400 -0.095681 0.068936 0.993022 0.000000 0.000000 0.000000 0.000000 1.000000
0.994139 -0.049750 0.095978 -0.000000 0.056171 0.996277 -0.065401 12.864400 -0.092367 0.070408 0.993233 0.000000 0.000000 0.000000 0.000000 1.000000</float_array>
        <technique_common>
          <accessor source="#mixamorig_Spine1-Matrix-animation-output-transform-array" count="32" stride="16">
            <param type="float4x4"/>
          </accessor>
        </technique_common>
      </source>
      <source id="mixamorig_Spine1-Interpolations">
        <Name_array id="mixamorig_Spine1-Interpolations-array" count="32">
 LINEAR LINEAR LINEAR LINEAR LINEAR LINEAR LINEAR LINEAR LINEAR LINEAR LINEAR
LINEAR LINEAR LINEAR LINEAR LINEAR LINEAR LINEAR LINEAR LINEAR LINEAR LINEAR LINEAR
LINEAR LINEAR LINEAR LINEAR LINEAR LINEAR LINEAR LINEAR LINEAR</Name_array>
        <technique_common>
          <accessor source="#mixamorig_Spine1-Interpolations-array" count="32">
            <param type="name"/>
          </accessor>
        </technique_common>
      </source>
      <sampler id="mixamorig_Spine1-Matrix-animation-transform">
        <input semantic="INPUT" source="#mixamorig_Spine1-Matrix-animation-input"/>
        <input semantic="OUTPUT" source="#mixamorig_Spine1-Matrix-animation-output-transform"/>
        <input semantic="INTERPOLATION" source="#mixamorig_Spine1-Interpolations"/>
      </sampler>
      <channel source="#mixamorig_Spine1-Matrix-animation-transform" target="mixamorig_Spine1/matrix"/>
    </animation>
    <animation id="mixamorig_Spine2-anim" name="mixamorig_Spine2">
      <source id="mixamorig_Spine2-Matrix-animation-input">
        <float_array id="mixamorig_Spine2-Matrix-animation-input-array" count="32">

0.000000 0.033333 0.066667 0.100000 0.133333 0.166667 0.200000 0.233333 0.266667 0.300000 0.333333 0.366667 0.400000 0.433333 0.466667 0.500000
0.533333 0.566667 0.600000 0.633333 0.666667 0.700000 0.733333 0.766667 0.800000 0.833333 0.866667 0.900000 0.933333 0.966667 1.000000 1.033333</float_array>
        <technique_common>
          <accessor source="#mixamorig_Spine2-Matrix-animation-input-array" count="32">
            <param name="TIME" type="float"/>
          </accessor>
        </technique_common>
      </source>
      <source id="mixamorig_Spine2-Matrix-animation-output-transform">
        <float_array id="mixamorig_Spine2-Matrix-animation-output-transform-array" count="512">

0.994202 -0.045811 0.097282 -0.000000 0.052398 0.996425 -0.066273 14.702200 -0.093898 0.070987 0.993048 0.000000 0.000000 0.000000 0.000000 1.000000
0.994386 -0.043406 0.096503 -0.000000 0.049735 0.996699 -0.064168 14.702200 -0.093399 0.068607 0.993262 -0.000000 0.000000 0.000000 0.000000 1.000000
0.994693 -0.039004 0.095204 0.000000 0.044898 0.997154 -0.060571 14.702200 -0.092571 0.064524 0.993613 0.000000 0.000000 0.000000 0.000000 1.000000
0.995173 -0.032926 0.092448 -0.000000 0.038549 0.997471 -0.059708 14.702200 -0.090248 0.062983 0.993926 -0.000000 0.000000 0.000000 0.000000 1.000000
0.995445 -0.027430 0.091311 0.000000 0.033289 0.997441 -0.063266 14.702200 -0.089342 0.066018 0.993811 -0.000000 0.000000 0.000000 0.000000 1.000000
0.995221 -0.022508 0.095024 0.000000 0.029305 0.997064 -0.070744 14.702200 -0.093152 0.073191 0.992958 0.000000 0.000000 0.000000 0.000000 1.000000
0.994264 -0.017098 0.105580 0.000000 0.025606 0.996485 -0.079758 14.702200 -0.103846 0.082004 0.991207 -0.000000 0.000000 0.000000 0.000000 1.000000
0.992197 -0.009977 0.124279 -0.000000 0.020888 0.996007 -0.086801 14.702200 -0.122916 0.088720 0.988443 0.000000 0.000000 0.000000 0.000000 1.000000
0.988598 -0.001601 0.150572 0.000000 0.015233 0.995877 -0.089423 14.702200 -0.149808 0.090697 0.984546 0.000000 0.000000 0.000000 0.000000 1.000000
0.983811 0.004953 0.179140 -0.000000 0.010990 0.996069 -0.087899 14.702200 -0.178871 0.088445 0.979889 0.000000 0.000000 0.000000 0.000000 1.000000
0.979522 0.007844 0.201186 -0.000000 0.009418 0.996362 -0.084701 14.702200 -0.201119 0.084861 0.975884 0.000000 0.000000 0.000000 0.000000 1.000000
0.977523 0.007001 0.210714 0.000000 0.010772 0.996484 -0.083082 14.702200 -0.210555 0.083485 0.974011 -0.000000 0.000000 0.000000 0.000000 1.000000
0.978547 0.000746 0.206023 0.000000 0.017054 0.996268 -0.084606 14.702200 -0.205317 0.086305 0.974883 0.000000 0.000000 0.000000 0.000000 1.000000
0.982983 -0.015847 0.183012 0.000000 0.032341 0.995640 -0.087493 14.702200 -0.180827 0.091923 0.979210 0.000000 0.000000 0.000000 0.000000 1.000000
0.989933 -0.044869 0.134238 -0.000000 0.057157 0.994379 -0.089129 14.702200 -0.129484 0.095905 0.986933 0.000000 0.000000 0.000000 0.000000 1.000000
0.994911 -0.078367 0.063334 0.000000 0.083875 0.992441 -0.089584 14.702200 -0.055834 0.094440 0.993964 0.000000 0.000000 0.000000 0.000000 1.000000
0.994606 -0.103613 -0.004808 0.000000 0.102782 0.990740 -0.088713 14.702200 0.013955 0.087741 0.996046 0.000000 0.000000 0.000000 0.000000 1.000000
0.992407 -0.115944 -0.041057 0.000000 0.112186 0.990102 -0.084334 14.702200 0.050428 0.079088 0.995591 0.000000 0.000000 0.000000 0.000000 1.000000
0.992168 -0.119793 -0.035396 -0.000000 0.116799 0.990157 -0.077118 14.702200 0.044285 0.072380 0.996393 0.000000 0.000000 0.000000 0.000000 1.000000
0.992809 -0.119688 0.002112 0.000000 0.119538 0.990325 -0.070484 14.702200 0.006345 0.070229 0.997511 -0.000000 0.000000 0.000000 0.000000 1.000000
0.991749 -0.116744 0.052959 0.000000 0.120116 0.990582 -0.065719 14.702200 -0.044788 0.071538 0.996432 -0.000000 0.000000 0.000000 0.000000 1.000000
0.988890 -0.110869 0.099015 0.000000 0.117239 0.991229 -0.060992 14.702200 -0.091385 0.071923 0.993215 0.000000 0.000000 0.000000 0.000000 1.000000
0.986377 -0.102310 0.128811 0.000000 0.110092 0.992409 -0.054804 14.702200 -0.122226 0.068239 0.990154 0.000000 0.000000 0.000000 0.000000 1.000000
0.985606 -0.092037 0.141809 -0.000000 0.099750 0.993841 -0.048267 14.702200 -0.136493 0.061718 0.988717 0.000000 0.000000 0.000000 0.000000 1.000000
0.986090 -0.082287 0.144417 0.000000 0.089466 0.995020 -0.043936 14.702200 -0.140082 0.056245 0.988541 0.000000 0.000000 0.000000 0.000000 1.000000
0.987100 -0.075554 0.141157 0.000000 0.082420 0.995651 -0.043439 14.702200 -0.137261 0.054513 0.989034 0.000000 0.000000 0.000000 0.000000 1.000000
0.988521 -0.071511 0.133085 0.000000 0.078290 0.995849 -0.046421 14.702200 -0.129213 0.056307 0.990017 0.000000 0.000000 0.000000 0.000000 1.000000
0.990153 -0.067861 0.122439 0.000000 0.074646 0.995869 -0.051701 14.702200 -0.118425 0.060332 0.991128 -0.000000 0.000000 0.000000 0.000000 1.000000
0.991558 -0.063622 0.112987 -0.000000 0.070443 0.995861 -0.057440 14.702200 -0.108864 0.064914 0.991935 -0.000000 0.000000 0.000000 0.000000 1.000000
0.992690 -0.057229 0.106259 0.000000 0.064021 0.996043 -0.061647 14.702200 -0.102310 0.067999 0.992426 -0.000000 0.000000 0.000000 0.000000 1.000000
0.993620 -0.050351 0.100918 -0.000000 0.057067 0.996265 -0.064804 14.702200 -0.097278 0.070150 0.992782 0.000000 0.000000 0.000000 0.000000 1.000000
0.994202 -0.045811 0.097282 -0.000000 0.052398 0.996425 -0.066273 14.702200 -0.093898 0.070987 0.993048 0.000000 0.000000 0.000000 0.000000 1.000000</float_array>
        <technique_common>
          <accessor source="#mixamorig_Spine2-Matrix-animation-output-transform-array" count="32" stride="16">
            <param type="float4x4"/>
          </accessor>
        </technique_common>
      </source>
      <source id="mixamorig_Spine2-Interpolations">
        <Name_array id="mixamorig_Spine2-Interpolations-array" count="32">
 LINEAR LINEAR LINEAR LINEAR LINEAR LINEAR LINEAR LINEAR LINEAR LINEAR LINEAR
LINEAR LINEAR LINEAR LINEAR LINEAR LINEAR LINEAR LINEAR LINEAR LINEAR LINEAR LINEAR
LINEAR LINEAR LINEAR LINEAR LINEAR LINEAR LINEAR LINEAR LINEAR</Name_array>
        <technique_common>
          <accessor source="#mixamorig_Spine2-Interpolations-array" count="32">
            <param type="name"/>
          </accessor>
        </technique_common>
      </source>
      <sampler id="mixamorig_Spine2-Matrix-animation-transform">
        <input semantic="INPUT" source="#mixamorig_Spine2-Matrix-animation-input"/>
        <input semantic="OUTPUT" source="#mixamorig_Spine2-Matrix-animation-output-transform"/>
        <input semantic="INTERPOLATION" source="#mixamorig_Spine2-Interpolations"/>
      </sampler>
      <channel source="#mixamorig_Spine2-Matrix-animation-transform" target="mixamorig_Spine2/matrix"/>
    </animation>
    <animation id="mixamorig_Neck-anim" name="mixamorig_Neck">
      <source id="mixamorig_Neck-Matrix-animation-input">
        <float_array id="mixamorig_Neck-Matrix-animation-input-array" count="32">

0.000000 0.033333 0.066667 0.100000 0.133333 0.166667 0.200000 0.233333 0.266667 0.300000 0.333333 0.366667 0.400000 0.433333 0.466667 0.500000
0.533333 0.566667 0.600000 0.633333 0.666667 0.700000 0.733333 0.766667 0.800000 0.833333 0.866667 0.900000 0.933333 0.966667 1.000000 1.033333</float_array>
        <technique_common>
          <accessor source="#mixamorig_Neck-Matrix-animation-input-array" count="32">
            <param name="TIME" type="float"/>
          </accessor>
        </technique_common>
      </source>
      <source id="mixamorig_Neck-Matrix-animation-output-transform">
        <float_array id="mixamorig_Neck-Matrix-animation-output-transform-array" count="512">

0.998143 0.007721 0.060430 -0.000000 0.006259 0.973692 -0.227782 16.539900 -0.060599 0.227737 0.971835 0.000000 0.000000 0.000000 0.000000 1.000000
0.997905 0.012756 0.063428 -0.000000 0.002161 0.973254 -0.229724 16.539900 -0.064662 0.229379 0.971187 0.000000 0.000000 0.000000 0.000000 1.000000
0.997826 0.016548 0.063793 0.000000 -0.001090 0.971971 -0.235097 16.539900 -0.065895 0.234516 0.969876 0.000000 0.000000 0.000000 0.000000 1.000000
0.997805 0.020594 0.062938 0.000000 -0.005024 0.971217 -0.238143 16.539900 -0.066031 0.237304 0.969189 0.000000 0.000000 0.000000 0.000000 1.000000
0.997861 0.024762 0.060493 -0.000000 -0.009533 0.970701 -0.240100 16.539900 -0.064666 0.239009 0.968862 0.000000 0.000000 0.000000 0.000000 1.000000
0.998045 0.026468 0.056621 0.000000 -0.011930 0.969924 -0.243117 16.539900 -0.061353 0.241966 0.968343 0.000000 0.000000 0.000000 0.000000 1.000000
0.998396 0.023025 0.051717 -0.000000 -0.009536 0.968902 -0.247261 16.539900 -0.055801 0.246371 0.967568 0.000000 0.000000 0.000000 0.000000 1.000000
0.998793 0.015827 0.046499 -0.000000 -0.003702 0.968224 -0.250057 16.539900 -0.048979 0.249583 0.967114 0.000000 0.000000 0.000000 0.000000 1.000000
0.999041 0.010001 0.042616 0.000000 0.000933 0.968465 -0.249148 16.539900 -0.043764 0.248949 0.967527 0.000000 0.000000 0.000000 0.000000 1.000000
0.999048 0.009485 0.042577 0.000000 0.001229 0.969568 -0.244818 16.539900 -0.043603 0.244637 0.968634 0.000000 0.000000 0.000000 0.000000 1.000000
0.998749 0.014213 0.047942 0.000000 -0.002311 0.970850 -0.239675 16.539900 -0.049951 0.239265 0.969669 0.000000 0.000000 0.000000 0.000000 1.000000
0.998162 0.021494 0.056661 -0.000000 -0.007508 0.971646 -0.236323 16.539900 -0.060134 0.235463 0.970021 0.000000 0.000000 0.000000 0.000000 1.000000
0.997671 0.026999 0.062631 0.000000 -0.011503 0.971764 -0.235674 16.539900 -0.067226 0.234404 0.969812 0.000000 0.000000 0.000000 0.000000 1.000000
0.997529 0.027202 0.064779 0.000000 -0.011019 0.971171 -0.238130 16.539900 -0.069389 0.236828 0.969071 -0.000000 0.000000 0.000000 0.000000 1.000000
0.997433 0.021950 0.068155 0.000000 -0.004688 0.969830 -0.243738 16.539900 -0.071449 0.242793 0.967443 0.000000 0.000000 0.000000 0.000000 1.000000
0.997354 0.013762 0.071378 -0.000000 0.004387 0.968729 -0.248083 16.539900 -0.072560 0.247740 0.966106 -0.000000 0.000000 0.000000 0.000000 1.000000
0.996848 0.015895 0.077733 -0.000000 0.004019 0.968354 -0.249550 16.539900 -0.079240 0.249075 0.965237 0.000000 0.000000 0.000000 0.000000 1.000000
0.995776 0.034495 0.085093 -0.000000 -0.012117 0.968011 -0.250616 16.539900 -0.091016 0.248526 0.964340 -0.000000 0.000000 0.000000 0.000000 1.000000
0.994539 0.055434 0.088431 0.000000 -0.031358 0.966847 -0.253423 16.539900 -0.099547 0.249266 0.963305 0.000000 0.000000 0.000000 0.000000 1.000000
0.994688 0.058248 0.084871 0.000000 -0.034805 0.966254 -0.255229 16.539900 -0.096873 0.250920 0.963148 0.000000 0.000000 0.000000 0.000000 1.000000
0.996307 0.040458 0.075731 0.000000 -0.020066 0.967315 -0.252783 16.539900 -0.083483 0.250330 0.964555 0.000000 0.000000 0.000000 0.000000 1.000000
0.997677 0.018589 0.065543 -0.000000 -0.001793 0.968886 -0.247500 16.539900 -0.068104 0.246807 0.966668 0.000000 0.000000 0.000000 0.000000 1.000000
0.998264 0.007020 0.058479 -0.000000 0.007469 0.969769 -0.243911 16.539900 -0.058423 0.243924 0.968033 0.000000 0.000000 0.000000 0.000000 1.000000
0.998514 0.004908 0.054278 0.000000 0.008599 0.969274 -0.245832 16.539900 -0.053817 0.245933 0.967792 -0.000000 0.000000 0.000000 0.000000 1.000000
0.998779 0.003744 0.049268 0.000000 0.008905 0.967158 -0.254022 16.539900 -0.048600 0.254150 0.965943 -0.000000 0.000000 0.000000 0.000000 1.000000
0.999134 -0.001054 0.041597 -0.000000 0.012041 0.964230 -0.264795 16.539900 -0.039830 0.265066 0.963407 -0.000000 0.000000 0.000000 0.000000 1.000000
0.999370 -0.007704 0.034649 -0.000000 0.016832 0.962285 -0.271521 16.539900 -0.031251 0.271933 0.961809 0.000000 0.000000 0.000000 0.000000 1.000000
0.999431 -0.012705 0.031250 0.000000 0.020656 0.962876 -0.269151 16.539900 -0.026671 0.269643 0.962591 0.000000 0.000000 0.000000 0.000000 1.000000
0.999334 -0.012738 0.034200 -0.000000 0.021181 0.965565 -0.259299 16.539900 -0.029720 0.259851 0.965191 0.000000 0.000000 0.000000 0.000000 1.000000
0.999072 -0.007460 0.042414 -0.000000 0.017714 0.968895 -0.246839 16.539900 -0.039254 0.247361 0.968128 0.000000 0.000000 0.000000 0.000000 1.000000
0.998609 0.000593 0.052726 -0.000000 0.011819 0.971978 -0.234773 16.539900 -0.051388 0.235070 0.970619 0.000000 0.000000 0.000000 0.000000 1.000000
0.998143 0.007721 0.060430 -0.000000 0.006259 0.973692 -0.227782 16.539900 -0.060599 0.227737 0.971835 0.000000 0.000000 0.000000 0.000000 1.000000</float_array>
        <technique_common>
          <accessor source="#mixamorig_Neck-Matrix-animation-output-transform-array" count="32" stride="16">
            <param type="float4x4"/>
          </accessor>
        </technique_common>
      </source>
      <source id="mixamorig_Neck-Interpolations">
        <Name_array id="mixamorig_Neck-Interpolations-array" count="32">
 LINEAR LINEAR LINEAR LINEAR LINEAR LINEAR LINEAR LINEAR LINEAR LINEAR LINEAR
LINEAR LINEAR LINEAR LINEAR LINEAR LINEAR LINEAR LINEAR LINEAR LINEAR LINEAR LINEAR
LINEAR LINEAR LINEAR LINEAR LINEAR LINEAR LINEAR LINEAR LINEAR</Name_array>
        <technique_common>
          <accessor source="#mixamorig_Neck-Interpolations-array" count="32">
            <param type="name"/>
          </accessor>
        </technique_common>
      </source>
      <sampler id="mixamorig_Neck-Matrix-animation-transform">
        <input semantic="INPUT" source="#mixamorig_Neck-Matrix-animation-input"/>
        <input semantic="OUTPUT" source="#mixamorig_Neck-Matrix-animation-output-transform"/>
        <input semantic="INTERPOLATION" source="#mixamorig_Neck-Interpolations"/>
      </sampler>
      <channel source="#mixamorig_Neck-Matrix-animation-transform" target="mixamorig_Neck/matrix"/>
    </animation>
    <animation id="mixamorig_Head-anim" name="mixamorig_Head">
      <source id="mixamorig_Head-Matrix-animation-input">
        <float_array id="mixamorig_Head-Matrix-animation-input-array" count="32">

0.000000 0.033333 0.066667 0.100000 0.133333 0.166667 0.200000 0.233333 0.266667 0.300000 0.333333 0.366667 0.400000 0.433333 0.466667 0.500000
0.533333 0.566667 0.600000 0.633333 0.666667 0.700000 0.733333 0.766667 0.800000 0.833333 0.866667 0.900000 0.933333 0.966667 1.000000 1.033333</float_array>
        <technique_common>
          <accessor source="#mixamorig_Head-Matrix-animation-input-array" count="32">
            <param name="TIME" type="float"/>
          </accessor>
        </technique_common>
      </source>
      <source id="mixamorig_Head-Matrix-animation-output-transform">
        <float_array id="mixamorig_Head-Matrix-animation-output-transform-array" count="512">

0.908088 0.155015 0.389034 0.000000 -0.221849 0.965977 0.132938 6.188500 -0.355190 -0.207026 0.911581 2.321600 0.000000 0.000000 0.000000 1.000000
0.907390 0.144260 0.394756 -0.000000 -0.209068 0.969725 0.126188 6.188500 -0.364601 -0.197033 0.910079 2.321600 0.000000 0.000000 0.000000 1.000000
0.907649 0.143092 0.394586 0.000000 -0.206015 0.970940 0.121789 6.188500 -0.365693 -0.191832 0.910752 2.321600 0.000000 0.000000 0.000000 1.000000
0.908988 0.147058 0.390018 0.000000 -0.208289 0.970749 0.119420 6.188500 -0.361048 -0.189788 0.913031 2.321600 0.000000 0.000000 0.000000 1.000000
0.913043 0.152051 0.378462 -0.000000 -0.212789 0.969202 0.123970 6.188500 -0.347957 -0.193723 0.917277 2.321600 0.000000 0.000000 0.000000 1.000000
0.920149 0.152073 0.360832 0.000000 -0.214154 0.966917 0.138601 6.188500 -0.327817 -0.204807 0.922274 2.321600 0.000000 0.000000 0.000000 1.000000
0.928826 0.146813 0.340189 0.000000 -0.211491 0.963956 0.161432 6.188500 -0.304227 -0.221890 0.926397 2.321600 0.000000 0.000000 0.000000 1.000000
0.936317 0.143169 0.320643 0.000000 -0.210676 0.959551 0.186755 6.188500 -0.280936 -0.242414 0.928607 2.321600 0.000000 0.000000 0.000000 1.000000
0.939137 0.148541 0.309770 0.000000 -0.219451 0.953134 0.208270 6.188500 -0.264315 -0.263573 0.927721 2.321600 0.000000 0.000000 0.000000 1.000000
0.933623 0.163421 0.318813 0.000000 -0.241167 0.944758 0.221968 6.188500 -0.264927 -0.284122 0.921460 2.321600 0.000000 0.000000 0.000000 1.000000
0.917247 0.181858 0.354381 0.000000 -0.273649 0.934199 0.228884 6.188500 -0.289438 -0.306919 0.906656 2.321600 0.000000 0.000000 0.000000 1.000000
0.891195 0.199980 0.407160 0.000000 -0.313739 0.920008 0.234846 6.188500 -0.327626 -0.337036 0.882648 2.321600 0.000000 0.000000 0.000000 1.000000
0.863730 0.223094 0.451884 0.000000 -0.359874 0.900757 0.243162 6.188500 -0.352790 -0.372648 0.858296 2.321600 0.000000 0.000000 0.000000 1.000000
0.841145 0.261152 0.473577 -0.000000 -0.410017 0.878958 0.243556 6.188500 -0.352649 -0.399040 0.846407 2.321600 0.000000 0.000000 0.000000 1.000000
0.819932 0.314252 0.478494 -0.000000 -0.458437 0.861050 0.220065 6.188500 -0.342851 -0.399798 0.850067 2.321600 0.000000 0.000000 0.000000 1.000000
0.800717 0.367234 0.473277 0.000000 -0.495939 0.849522 0.179880 6.188500 -0.336001 -0.378750 0.862353 2.321600 0.000000 0.000000 0.000000 1.000000
0.778364 0.405037 0.479681 0.000000 -0.523879 0.840088 0.140723 6.188500 -0.345976 -0.360829 0.866085 2.321600 0.000000 0.000000 0.000000 1.000000
0.755184 0.424218 0.499736 0.000000 -0.544568 0.830367 0.118047 6.188500 -0.364887 -0.361288 0.858096 2.321600 0.000000 0.000000 0.000000 1.000000
0.742715 0.427438 0.515433 0.000000 -0.552521 0.826058 0.111125 6.188500 -0.378278 -0.367322 0.849694 2.321600 0.000000 0.000000 0.000000 1.000000
0.751462 0.418705 0.509892 0.000000 -0.539364 0.834954 0.109263 6.188500 -0.379987 -0.357125 0.853271 2.321600 0.000000 0.000000 0.000000 1.000000
0.776867 0.401958 0.484672 0.000000 -0.506620 0.856110 0.102040 6.188500 -0.373917 -0.324816 0.868724 2.321600 0.000000 0.000000 0.000000 1.000000
0.804382 0.380392 0.456367 -0.000000 -0.465919 0.880511 0.087292 6.188500 -0.368632 -0.282846 0.885499 2.321600 0.000000 0.000000 0.000000 1.000000
0.826004 0.355540 0.437388 -0.000000 -0.427513 0.900888 0.075049 6.188500 -0.367354 -0.248980 0.896136 2.321600 0.000000 0.000000 0.000000 1.000000
0.844544 0.326360 0.424540 0.000000 -0.394216 0.915490 0.080447 6.188500 -0.362407 -0.235301 0.901828 2.321600 0.000000 0.000000 0.000000 1.000000
0.865169 0.294647 0.405791 0.000000 -0.365900 0.924247 0.109018 6.188500 -0.342929 -0.242798 0.907441 2.321600 0.000000 0.000000 0.000000 1.000000
0.887088 0.268911 0.375182 0.000000 -0.343735 0.927318 0.148080 6.188500 -0.308093 -0.260323 0.915047 2.321600 0.000000 0.000000 0.000000 1.000000
