<?xml version="1.0" encoding="utf-8"?>
<COLLADA xmlns="http://www.collada.org/2005/11/COLLADASchema" version="1.4.1">
  <asset>
    <contributor>
      <author>Mixamo</author>
      <authoring_tool>COLLADA Mixamo exporter</authoring_tool>
      <comments/>
    </contributor>
    <created>2024-04-10T17:12:14Z</created>
    <modified>2024-04-10T17:12:14Z</modified>
    <revision/>
    <title/>
    <unit meter="0.010000"/>
    <up_axis>Y_UP</up_axis>
  </asset>
  <library_animations>
    <animation id="mixamorig_Hips-anim" name="mixamorig_Hips">
      <source id="mixamorig_Hips-Matrix-animation-input">
        <float_array id="mixamorig_Hips-Matrix-animation-input-array" count="32">

0.000000 0.033333 0.066667 0.100000 0.133333 0.166667 0.200000 0.233333 0.266667 0.300000 0.333333 0.366667 0.400000 0.433333 0.466667 0.500000
0.533333 0.566667 0.600000 0.633333 0.666667 0.700000 0.733333 0.766667 0.800000 0.833333 0.866667 0.900000 0.933333 0.966667 1.000000 1.033333</float_array>
        <technique_common>
          <accessor source="#mixamorig_Hips-Matrix-animation-input-array" count="32">
            <param name="TIME" type="float"/>
          </accessor>
        </technique_common>
      </source>
      <source id="mixamorig_Hips-Matrix-animation-output-transform">
        <float_array id="mixamorig_Hips-Matrix-animation-output-transform-array" count="512">

0.403788 -0.074077 -0.911848 0.353077 -0.003235 0.996595 -0.082394 100.917709 0.914847 0.036220 0.402174 0.057656 0.000000 0.000000 0.000000 1.000000
0.371522 -0.086723 -0.924365 0.524103 0.007109 0.995864 -0.090574 100.970245 0.928397 0.027079 0.370602 0.400546 0.000000 0.000000 0.000000 1.000000
0.332732 -0.095575 -0.938166 0.593686 0.002912 0.994950 -0.100327 100.299217 0.943017 0.030650 0.331330 0.816446 0.000000 0.000000 0.000000 1.000000
0.268700 -0.096577 -0.958370 0.466226 -0.012547 0.994526 -0.103738 98.931206 0.963142 0.039899 0.266017 1.189333 0.000000 0.000000 0.000000 1.000000
0.189959 -0.094252 -0.977258 -0.056677 -0.036100 0.994038 -0.102887 96.775032 0.981128 0.054823 0.185423 1.490906 0.000000 0.000000 0.000000 1.000000
0.122898 -0.093069 -0.988046 -0.375296 -0.056853 0.993298 -0.100635 94.826897 0.990789 0.068541 0.116783 1.594663 0.000000 0.000000 0.000000 1.000000
0.093817 -0.095956 -0.990954 -0.545772 -0.062158 0.992838 -0.102023 93.136948 0.993647 0.071167 0.087181 1.520533 0.000000 0.000000 0.000000 1.000000
0.108092 -0.103964 -0.988690 -0.974402 -0.031590 0.993655 -0.107939 92.313278 0.993639 0.042900 0.104122 1.340967 0.000000 0.000000 0.000000 1.000000
0.143407 -0.109545 -0.983582 -1.737769 -0.003257 0.993798 -0.111157 91.789375 0.989658 0.019144 0.142161 1.223104 0.000000 0.000000 0.000000 1.000000
0.195019 -0.117770 -0.973703 -2.199842 0.036059 0.992954 -0.112877 92.085167 0.980136 -0.013098 0.197892 0.945683 0.000000 0.000000 0.000000 1.000000
0.250511 -0.126685 -0.959789 -2.029577 0.070688 0.991148 -0.112374 93.162575 0.965530 -0.039694 0.257249 0.799581 0.000000 0.000000 0.000000 1.000000
0.299379 -0.133997 -0.944678 -1.534808 0.093075 0.989469 -0.110853 94.579407 0.949584 -0.054739 0.308698 0.761394 0.000000 0.000000 0.000000 1.000000
0.337084 -0.136898 -0.931468 -1.022358 0.094464 0.989297 -0.111212 96.264595 0.936724 -0.050502 0.346408 0.533145 0.000000 0.000000 0.000000 1.000000
0.373930 -0.135361 -0.917526 -0.583842 0.076291 0.990429 -0.115024 98.051773 0.924314 -0.026988 0.380678 0.227716 0.000000 0.000000 0.000000 1.000000
0.397100 -0.136004 -0.907642 -0.074984 0.056267 0.990707 -0.123833 99.733109 0.916049 -0.001896 0.401062 0.040454 0.000000 0.000000 0.000000 1.000000
0.403652 -0.134581 -0.904960 0.585145 0.037859 0.990732 -0.130449 101.046013 0.914129 0.018395 0.405006 0.258534 0.000000 0.000000 0.000000 1.000000
0.407568 -0.133829 -0.903315 1.297289 0.026982 0.990536 -0.134577 101.731987 0.912776 0.030476 0.407322 0.681029 0.000000 0.000000 0.000000 1.000000
0.414980 -0.138993 -0.899151 1.853605 0.030857 0.989844 -0.138772 101.712502 0.909307 0.029843 0.415054 0.969580 0.000000 0.000000 0.000000 1.000000
0.428347 -0.150052 -0.891069 2.151000 0.048534 0.988513 -0.143131 100.984154 0.902310 0.018063 0.430709 1.131789 0.000000 0.000000 0.000000 1.000000
0.453259 -0.158831 -0.877114 1.971497 0.074528 0.987304 -0.140271 99.067154 0.888258 -0.001790 0.459342 1.213840 0.000000 0.000000 0.000000 1.000000
0.476668 -0.161121 -0.864192 1.864776 0.093365 0.986779 -0.132478 97.243568 0.874111 -0.017537 0.485409 1.319405 0.000000 0.000000 0.000000 1.000000
0.484987 -0.160385 -0.859689 2.052539 0.098812 0.986794 -0.128354 95.735840 0.868921 -0.022698 0.494430 1.355483 0.000000 0.000000 0.000000 1.000000
0.483454 -0.144967 -0.863282 1.920319 0.081667 0.989360 -0.120404 94.600105 0.871552 -0.012292 0.490149 1.276753 0.000000 0.000000 0.000000 1.000000
0.485453 -0.118120 -0.866246 1.106761 0.049516 0.992955 -0.107648 93.710907 0.872859 0.009365 0.487882 0.993455 0.000000 0.000000 0.000000 1.000000
0.486031 -0.106350 -0.867447 0.403083 0.024223 0.993826 -0.108272 93.026588 0.873606 0.031611 0.485606 0.540099 0.000000 0.000000 0.000000 1.000000
0.483263 -0.099977 -0.869748 0.018679 0.004834 0.993748 -0.111545 92.802612 0.875462 0.049701 0.480725 0.116347 0.000000 0.000000 0.000000 1.000000
0.489886 -0.081983 -0.867923 -0.178096 -0.020513 0.994209 -0.105490 93.489960 0.871545 0.069482 0.485368 -0.226544 0.000000 0.000000 0.000000 1.000000
0.490176 -0.071432 -0.868691 -0.201009 -0.032166 0.994475 -0.099926 94.803177 0.871030 0.076924 0.485170 -0.442810 0.000000 0.000000 0.000000 1.000000
0.468596 -0.069720 -0.880657 -0.121955 -0.030451 0.995014 -0.094977 96.638603 0.882888 0.071322 0.464136 -0.479055 0.000000 0.000000 0.000000 1.000000
0.444291 -0.066732 -0.893394 -0.031726 -0.027642 0.995726 -0.088122 98.479698 0.895456 0.063847 0.440548 -0.345306 0.000000 0.000000 0.000000 1.000000
0.426443 -0.066938 -0.902034 0.135614 -0.019226 0.996362 -0.083027 100.024254 0.904310 0.052749 0.423604 -0.162683 0.000000 0.000000 0.000000 1.000000
0.403788 -0.074077 -0.911849 0.353078 -0.003235 0.996595 -0.082394 100.917709 0.914847 0.036220 0.402173 0.057657 0.000000 0.000000 0.000000 1.000000</float_array>
        <technique_common>
          <accessor source="#mixamorig_Hips-Matrix-animation-output-transform-array" count="32" stride="16">
            <param type="float4x4"/>
          </accessor>
        </technique_common>
      </source>
      <source id="mixamorig_Hips-Interpolations">
        <Name_array id="mixamorig_Hips-Interpolations-array" count="32">
 LINEAR LINEAR LINEAR LINEAR LINEAR LINEAR LINEAR LINEAR LINEAR LINEAR LINEAR
LINEAR LINEAR LINEAR LINEAR LINEAR LINEAR LINEAR LINEAR LINEAR LINEAR LINEAR LINEAR
LINEAR LINEAR LINEAR LINEAR LINEAR LINEAR LINEAR LINEAR LINEAR</Name_array>
        <technique_common>
          <accessor source="#mixamorig_Hips-Interpolations-array" count="32">
            <param type="name"/>
          </accessor>
        </technique_common>
      </source>
      <sampler id="mixamorig_Hips-Matrix-animation-transform">
        <input semantic="INPUT" source="#mixamorig_Hips-Matrix-animation-input"/>
        <input semantic="OUTPUT" source="#mixamorig_Hips-Matrix-animation-output-transform"/>
        <input semantic="INTERPOLATION" source="#mixamorig_Hips-Interpolations"/>
      </sampler>
      <channel source="#mixamorig_Hips-Matrix-animation-transform" target="mixamorig_Hips/matrix"/>
    </animation>
    <animation id="mixamorig_Spine-anim" name="mixamorig_Spine">
      <source id="mixamorig_Spine-Matrix-animation-input">
        <float_array id="mixamorig_Spine-Matrix-animation-input-array" count="32">

0.000000 0.033333 0.066667 0.100000 0.133333 0.166667 0.200000 0.233333 0.266667 0.300000 0.333333 0.366667 0.400000 0.433333 0.466667 0.500000
0.533333 0.566667 0.600000 0.633333 0.666667 0.700000 0.733333 0.766667 0.800000 0.833333 0.866667 0.900000 0.933333 0.966667 1.000000 1.033333</float_array>
        <technique_common>
          <accessor source="#mixamorig_Spine-Matrix-animation-input-array" count="32">
            <param name="TIME" type="float"/>
          </accessor>
        </technique_common>
      </source>
      <source id="mixamorig_Spine-Matrix-animation-output-transform">
        <float_array id="mixamorig_Spine-Matrix-animation-output-transform-array" count="512">

0.991789 0.002545 0.127860 0.000000 0.001285 0.999553 -0.029864 10.997300 -0.127879 0.029783 0.991343 -0.803100 0.000000 0.000000 0.000000 1.000000
0.988095 0.016627 0.152942 0.000000 -0.012495 0.999532 -0.027938 10.997300 -0.153335 0.025694 0.987840 -0.803100 0.000000 0.000000 0.000000 1.000000
0.982411 0.014846 0.186143 0.000000 -0.011024 0.999707 -0.021550 10.997300 -0.186408 0.019119 0.982286 -0.803100 0.000000 0.000000 0.000000 1.000000
0.970468 0.008465 0.241082 0.000000 -0.004603 0.999852 -0.016575 10.997300 -0.241187 0.014975 0.970363 -0.803100 0.000000 0.000000 0.000000 1.000000
0.953287 -0.000587 0.302066 0.000000 0.003240 0.999960 -0.008280 10.997300 -0.302049 0.008872 0.953251 -0.803100 0.000000 0.000000 0.000000 1.000000
0.936614 -0.007666 0.350279 -0.000000 0.010773 0.999918 -0.006924 10.997300 -0.350197 0.010259 0.936620 -0.803100 0.000000 0.000000 0.000000 1.000000
0.927992 -0.005080 0.372565 0.000000 0.009197 0.999915 -0.009275 10.997300 -0.372486 0.012034 0.927960 -0.803100 0.000000 0.000000 0.000000 1.000000
0.931302 0.028184 0.363155 0.000000 -0.023953 0.999583 -0.016149 10.997300 -0.363459 0.006341 0.931589 -0.803100 0.000000 0.000000 0.000000 1.000000
0.935651 0.052758 0.348960 0.000000 -0.049253 0.998607 -0.018915 10.997300 -0.349472 0.000510 0.936947 -0.803100 0.000000 0.000000 0.000000 1.000000
0.940556 0.088560 0.327889 -0.000000 -0.084062 0.996070 -0.027894 10.997300 -0.329071 -0.001327 0.944304 -0.803100 0.000000 0.000000 0.000000 1.000000
0.951775 0.111372 0.285868 -0.000000 -0.104771 0.993757 -0.038333 10.997300 -0.288353 0.006534 0.957502 -0.803100 0.000000 0.000000 0.000000 1.000000
0.965934 0.116190 0.231239 -0.000000 -0.109144 0.993092 -0.043081 10.997300 -0.234647 0.016376 0.971943 -0.803100 0.000000 0.000000 0.000000 1.000000
0.975499 0.107815 0.191776 0.000000 -0.101011 0.993870 -0.044940 10.997300 -0.195445 0.024468 0.980409 -0.803100 0.000000 0.000000 0.000000 1.000000
0.983630 0.082710 0.160097 0.000000 -0.076880 0.996143 -0.042282 10.997300 -0.162977 0.029282 0.986195 -0.803100 0.000000 0.000000 0.000000 1.000000
0.988808 0.054020 0.139068 0.000000 -0.049268 0.998086 -0.037388 10.997300 -0.140822 0.030118 0.989577 -0.803100 0.000000 0.000000 0.000000 1.000000
0.991356 0.028402 0.128088 0.000000 -0.024246 0.999132 -0.033884 10.997300 -0.128939 0.030485 0.991184 -0.803100 0.000000 0.000000 0.000000 1.000000
0.993045 0.012608 0.117059 0.000000 -0.009012 0.999472 -0.031202 10.997300 -0.117391 0.029930 0.992635 -0.803100 0.000000 0.000000 0.000000 1.000000
0.994713 0.014136 0.101712 0.000000 -0.011160 0.999494 -0.029772 10.997300 -0.102081 0.028480 0.994368 -0.803100 0.000000 0.000000 0.000000 1.000000
0.996395 0.030372 0.079213 0.000000 -0.028343 0.999244 -0.026622 10.997300 -0.079962 0.024280 0.996502 -0.803100 0.000000 0.000000 0.000000 1.000000
0.997421 0.051708 0.049772 0.000000 -0.050632 0.998461 -0.022633 10.997300 -0.050866 0.020054 0.998504 -0.803100 0.000000 0.000000 0.000000 1.000000
0.997831 0.059215 0.028741 0.000000 -0.058558 0.998015 -0.023180 10.997300 -0.030056 0.021447 0.999318 -0.803100 0.000000 0.000000 0.000000 1.000000
0.998329 0.053530 0.021770 0.000000 -0.052973 0.998273 -0.025402 10.997300 -0.023092 0.024206 0.999440 -0.803100 0.000000 0.000000 0.000000 1.000000
0.999178 0.031847 0.025075 0.000000 -0.031139 0.999119 -0.028150 10.997300 -0.025949 0.027346 0.999289 -0.803100 0.000000 0.000000 0.000000 1.000000
0.999491 0.002104 0.031823 0.000000 -0.001229 0.999621 -0.027486 10.997300 -0.031869 0.027433 0.999116 -0.803100 0.000000 0.000000 0.000000 1.000000
0.999004 -0.020240 0.039777 0.000000 0.021047 0.999579 -0.019974 10.997300 -0.039356 0.020791 0.999009 -0.803100 0.000000 0.000000 0.000000 1.000000
0.998308 -0.036136 0.045546 -0.000000 0.036974 0.999160 -0.017680 10.997300 -0.044869 0.019334 0.998806 -0.803100 0.000000 0.000000 0.000000 1.000000
0.997254 -0.055583 0.048946 0.000000 0.056717 0.998146 -0.022107 10.997300 -0.047626 0.024822 0.998557 -0.803100 0.000000 0.000000 0.000000 1.000000
0.996401 -0.059260 0.060610 -0.000000 0.060815 0.997857 -0.024125 10.997300 -0.059050 0.027724 0.997870 -0.803100 0.000000 0.000000 0.000000 1.000000
0.995482 -0.046381 0.082853 -0.000000 0.048616 0.998501 -0.025164 10.997300 -0.081562 0.029078 0.996244 -0.803100 0.000000 0.000000 0.000000 1.000000
0.994288 -0.033413 0.101362 0.000000 0.036265 0.998993 -0.026421 10.997300 -0.100377 0.029946 0.994499 -0.803100 0.000000 0.000000 0.000000 1.000000
0.993417 -0.018323 0.113079 -0.000000 0.021647 0.999367 -0.028242 10.997300 -0.112490 0.030504 0.993185 -0.803100 0.000000 0.000000 0.000000 1.000000
0.991789 0.002545 0.127860 -0.000000 0.001285 0.999553 -0.029864 10.997300 -0.127879 0.029783 0.991342 -0.803100 0.000000 0.000000 0.000000 1.000000</float_array>
        <technique_common>
          <accessor source="#mixamorig_Spine-Matrix-animation-output-transform-array" count="32" stride="16">
            <param type="float4x4"/>
          </accessor>
        </technique_common>
      </source>
      <source id="mixamorig_Spine-Interpolations">
        <Name_array id="mixamorig_Spine-Interpolations-array" count="32">
 LINEAR LINEAR LINEAR LINEAR LINEAR LINEAR LINEAR LINEAR LINEAR LINEAR LINEAR
LINEAR LINEAR LINEAR LINEAR LINEAR LINEAR LINEAR LINEAR LINEAR LINEAR LINEAR LINEAR
LINEAR LINEAR LINEAR LINEAR LINEAR LINEAR LINEAR LINEAR LINEAR</Name_array>
        <technique_common>
          <accessor source="#mixamorig_Spine-Interpolations-array" count="32">
            <param type="name"/>
          </accessor>
        </technique_common>
      </source>
      <sampler id="mixamorig_Spine-Matrix-animation-transform">
        <input semantic="INPUT" source="#mixamorig_Spine-Matrix-animation-input"/>
        <input semantic="OUTPUT" source="#mixamorig_Spine-Matrix-animation-output-transform"/>
        <input semantic="INTERPOLATION" source="#mixamorig_Spine-Interpolations"/>
      </sampler>
      <channel source="#mixamorig_Spine-Matrix-animation-transform" target="mixamorig_Spine/matrix"/>
    </animation>
    <animation id="mixamorig_Spine1-anim" name="mixamorig_Spine1">
      <source id="mixamorig_Spine1-Matrix-animation-input">
        <float_array id="mixamorig_Spine1-Matrix-animation-input-array" count="32">

0.000000 0.033333 0.066667 0.100000 0.133333 0.166667 0.200000 0.233333 0.266667 0.300000 0.333333 0.366667 0.400000 0.433333 0.466667 0.500000
0.533333 0.566667 0.600000 0.633333 0.666667 0.700000 0.733333 0.766667 0.800000 0.833333 0.866667 0.900000 0.933333 0.966667 1.000000 1.033333</float_array>
        <technique_common>
          <accessor source="#mixamorig_Spine1-Matrix-animation-input-array" count="32">
            <param name="TIME" type="float"/>
          </accessor>
        </technique_common>
      </source>
      <source id="mixamorig_Spine1-Matrix-animation-output-transform">
        <float_array id="mixamorig_Spine1-Matrix-animation-output-transform-array" count="512">

0.996539 0.001041 0.083116 -0.000000 0.005034 0.997330 -0.072857 12.864400 -0.082970 0.073023 0.993873 0.000000 0.000000 0.000000 0.000000 1.000000
0.995905 0.008958 0.089956 0.000000 -0.002597 0.997502 -0.070586 12.864400 -0.090364 0.070064 0.993441 0.000000 0.000000 0.000000 0.000000 1.000000
0.995092 0.011237 0.098316 0.000000 -0.004777 0.997828 -0.065699 12.864400 -0.098841 0.064907 0.992984 0.000000 0.000000 0.000000 0.000000 1.000000
0.994179 0.008131 0.107432 -0.000000 -0.001589 0.998146 -0.060840 12.864400 -0.107727 0.060315 0.992349 0.000000 0.000000 0.000000 0.000000 1.000000
0.993109 0.003748 0.117135 0.000000 0.002803 0.998443 -0.055715 12.864400 -0.117161 0.055659 0.991552 0.000000 0.000000 0.000000 0.000000 1.000000
0.992213 0.001552 0.124540 0.000000 0.005227 0.998523 -0.054087 12.864400 -0.124440 0.054317 0.990739 0.000000 0.000000 0.000000 0.000000 1.000000
0.991843 0.004939 0.127368 0.000000 0.002351 0.998370 -0.057018 12.864400 -0.127442 0.056853 0.990215 -0.000000 0.000000 0.000000 0.000000 1.000000
0.991702 0.014826 0.127702 -0.000000 -0.007294 0.998217 -0.059247 12.864400 -0.128353 0.057824 0.990041 -0.000000 0.000000 0.000000 0.000000 1.000000
0.991937 0.026394 0.123953 0.000000 -0.019336 0.998141 -0.057806 12.864400 -0.125248 0.054943 0.990603 0.000000 0.000000 0.000000 0.000000 1.000000
0.992241 0.037164 0.118647 0.000000 -0.029985 0.997642 -0.061728 12.864400 -0.120662 0.057692 0.991016 0.000000 0.000000 0.000000 0.000000 1.000000
0.991719 0.043122 0.120971 0.000000 -0.035020 0.997049 -0.068317 12.864400 -0.123560 0.063515 0.990302 0.000000 0.000000 0.000000 0.000000 1.000000
0.991166 0.045046 0.124741 -0.000000 -0.036280 0.996768 -0.071679 12.864400 -0.127567 0.066521 0.989597 -0.000000 0.000000 0.000000 0.000000 1.000000
0.992074 0.041180 0.118720 -0.000000 -0.032514 0.996726 -0.074033 12.864400 -0.121379 0.069586 0.990164 0.000000 0.000000 0.000000 0.000000 1.000000
0.993720 0.033384 0.106799 0.000000 -0.025394 0.996836 -0.075326 12.864400 -0.108976 0.072141 0.991423 -0.000000 0.000000 0.000000 0.000000 1.000000
0.995133 0.025026 0.095307 0.000000 -0.017868 0.997006 -0.075232 12.864400 -0.096904 0.073163 0.992601 0.000000 0.000000 0.000000 0.000000 1.000000
0.996077 0.016136 0.087012 0.000000 -0.009596 0.997133 -0.075055 12.864400 -0.087974 0.073926 0.993376 0.000000 0.000000 0.000000 0.000000 1.000000
0.996586 0.009368 0.082031 -0.000000 -0.003244 0.997218 -0.074466 12.864400 -0.082501 0.073946 0.993844 0.000000 0.000000 0.000000 0.000000 1.000000
0.996867 0.006344 0.078839 0.000000 -0.000547 0.997307 -0.073334 12.864400 -0.079092 0.073061 0.994186 0.000000 0.000000 0.000000 0.000000 1.000000
0.997228 0.008725 0.073891 0.000000 -0.003531 0.997532 -0.070127 12.864400 -0.074321 0.069672 0.994798 0.000000 0.000000 0.000000 0.000000 1.000000
0.997685 0.015525 0.066212 -0.000000 -0.011192 0.997801 -0.065328 12.864400 -0.067080 0.064435 0.995665 -0.000000 0.000000 0.000000 0.000000 1.000000
0.998058 0.020252 0.058903 0.000000 -0.016391 0.997731 -0.065305 12.864400 -0.060092 0.064213 0.996125 0.000000 0.000000 0.000000 0.000000 1.000000
0.998325 0.019759 0.054375 -0.000000 -0.016072 0.997594 -0.067441 12.864400 -0.055576 0.066455 0.996240 0.000000 0.000000 0.000000 0.000000 1.000000
0.998513 0.012050 0.053167 0.000000 -0.008296 0.997492 -0.070289 12.864400 -0.053881 0.069743 0.996109 0.000000 0.000000 0.000000 0.000000 1.000000
0.998497 0.001741 0.054783 0.000000 0.002184 0.997437 -0.071510 12.864400 -0.054767 0.071522 0.995934 0.000000 0.000000 0.000000 0.000000 1.000000
0.998256 -0.004784 0.058846 0.000000 0.008808 0.997625 -0.068314 12.864400 -0.058379 0.068713 0.995927 0.000000 0.000000 0.000000 0.000000 1.000000
0.998052 -0.012836 0.061054 0.000000 0.016969 0.997563 -0.067669 12.864400 -0.060037 0.068574 0.995838 0.000000 0.000000 0.000000 0.000000 1.000000
0.998019 -0.023662 0.058300 0.000000 0.027773 0.997107 -0.070752 12.864400 -0.056457 0.072231 0.995789 -0.000000 0.000000 0.000000 0.000000 1.000000
0.997866 -0.024973 0.060327 -0.000000 0.029289 0.996993 -0.071744 12.864400 -0.058354 0.073358 0.995597 0.000000 0.000000 0.000000 0.000000 1.000000
0.997357 -0.018908 0.070152 0.000000 0.023955 0.997131 -0.071812 12.864400 -0.068593 0.073302 0.994948 -0.000000 0.000000 0.000000 0.000000 1.000000
0.996931 -0.013656 0.077082 -0.000000 0.019213 0.997233 -0.071813 12.864400 -0.075888 0.073074 0.994435 0.000000 0.000000 0.000000 0.000000 1.000000
0.996817 -0.007715 0.079350 0.000000 0.013488 0.997279 -0.072474 12.864400 -0.078575 0.073314 0.994209 0.000000 0.000000 0.000000 0.000000 1.000000
0.996539 0.001041 0.083116 0.000000 0.005034 0.997330 -0.072857 12.864400 -0.082970 0.073023 0.993873 0.000000 0.000000 0.000000 0.000000 1.000000</float_array>
        <technique_common>
          <accessor source="#mixamorig_Spine1-Matrix-animation-output-transform-array" count="32" stride="16">
            <param type="float4x4"/>
          </accessor>
        </technique_common>
      </source>
      <source id="mixamorig_Spine1-Interpolations">
        <Name_array id="mixamorig_Spine1-Interpolations-array" count="32">
 LINEAR LINEAR LINEAR LINEAR LINEAR LINEAR LINEAR LINEAR LINEAR LINEAR LINEAR
LINEAR LINEAR LINEAR LINEAR LINEAR LINEAR LINEAR LINEAR LINEAR LINEAR LINEAR LINEAR
LINEAR LINEAR LINEAR LINEAR LINEAR LINEAR LINEAR LINEAR LINEAR</Name_array>
        <technique_common>
          <accessor source="#mixamorig_Spine1-Interpolations-array" count="32">
            <param type="name"/>
          </accessor>
        </technique_common>
      </source>
      <sampler id="mixamorig_Spine1-Matrix-animation-transform">
        <input semantic="INPUT" source="#mixamorig_Spine1-Matrix-animation-input"/>
        <input semantic="OUTPUT" source="#mixamorig_Spine1-Matrix-animation-output-transform"/>
        <input semantic="INTERPOLATION" source="#mixamorig_Spine1-Interpolations"/>
      </sampler>
      <channel source="#mixamorig_Spine1-Matrix-animation-transform" target="mixamorig_Spine1/matrix"/>
    </animation>
    <animation id="mixamorig_Spine2-anim" name="mixamorig_Spine2">
      <source id="mixamorig_Spine2-Matrix-animation-input">
        <float_array id="mixamorig_Spine2-Matrix-animation-input-array" count="32">

0.000000 0.033333 0.066667 0.100000 0.133333 0.166667 0.200000 0.233333 0.266667 0.300000 0.333333 0.366667 0.400000 0.433333 0.466667 0.500000
0.533333 0.566667 0.600000 0.633333 0.666667 0.700000 0.733333 0.766667 0.800000 0.833333 0.866667 0.900000 0.933333 0.966667 1.000000 1.033333</float_array>
        <technique_common>
          <accessor source="#mixamorig_Spine2-Matrix-animation-input-array" count="32">
            <param name="TIME" type="float"/>
          </accessor>
        </technique_common>
      </source>
      <source id="mixamorig_Spine2-Matrix-animation-output-transform">
        <float_array id="mixamorig_Spine2-Matrix-animation-output-transform-array" count="512">

0.996504 0.000662 0.083547 0.000000 0.005407 0.997362 -0.072390 14.702200 -0.083375 0.072589 0.993871 0.000000 0.000000 0.000000 0.000000 1.000000
0.995853 0.008669 0.090566 0.000000 -0.002329 0.997553 -0.069880 14.702200 -0.090951 0.069379 0.993436 0.000000 0.000000 0.000000 0.000000 1.000000
0.995014 0.011210 0.099099 0.000000 -0.004806 0.997898 -0.064620 14.702200 -0.099615 0.063821 0.992977 0.000000 0.000000 0.000000 0.000000 1.000000
0.994088 0.008507 0.108244 0.000000 -0.002058 0.998224 -0.059544 14.702200 -0.108558 0.058969 0.992340 0.000000 0.000000 0.000000 0.000000 1.000000
0.993016 0.004763 0.117886 -0.000000 0.001675 0.998515 -0.054457 14.702200 -0.117970 0.054274 0.991533 0.000000 0.000000 0.000000 0.000000 1.000000
0.992115 0.002750 0.125297 0.000000 0.003894 0.998600 -0.052750 14.702200 -0.125267 0.052822 0.990716 -0.000000 0.000000 0.000000 0.000000 1.000000
0.991743 0.005832 0.128106 0.000000 0.001303 0.998456 -0.055538 14.702200 -0.128232 0.055246 0.990204 -0.000000 0.000000 0.000000 0.000000 1.000000
0.991614 0.015168 0.128341 0.000000 -0.007796 0.998300 -0.057752 14.702200 -0.128999 0.056268 0.990047 0.000000 0.000000 0.000000 0.000000 1.000000
0.991858 0.026350 0.124593 -0.000000 -0.019458 0.998229 -0.056219 14.702200 -0.125854 0.053337 0.990614 0.000000 0.000000 0.000000 0.000000 1.000000
0.992176 0.036837 0.119286 -0.000000 -0.029792 0.997735 -0.060317 14.702200 -0.121237 0.056292 0.991026 0.000000 0.000000 0.000000 0.000000 1.000000
0.991660 0.042547 0.121656 -0.000000 -0.034567 0.997156 -0.066971 14.702200 -0.124159 0.062207 0.990310 -0.000000 0.000000 0.000000 0.000000 1.000000
0.991116 0.044495 0.125337 0.000000 -0.035846 0.996872 -0.070438 14.702200 -0.128079 0.065319 0.989611 0.000000 0.000000 0.000000 0.000000 1.000000
0.992035 0.040831 0.119162 0.000000 -0.032243 0.996801 -0.073129 14.702200 -0.121766 0.068704 0.990178 0.000000 0.000000 0.000000 0.000000 1.000000
0.993690 0.033132 0.107153 0.000000 -0.025178 0.996885 -0.074748 14.702200 -0.109295 0.071579 0.991429 0.000000 0.000000 0.000000 0.000000 1.000000
0.995107 0.024709 0.095667 -0.000000 -0.017561 0.997040 -0.074849 14.702200 -0.097234 0.072803 0.992595 0.000000 0.000000 0.000000 0.000000 1.000000
0.996046 0.015744 0.087428 0.000000 -0.009205 0.997164 -0.074695 14.702200 -0.088356 0.073595 0.993366 0.000000 0.000000 0.000000 0.000000 1.000000
0.996556 0.008896 0.082444 0.000000 -0.002772 0.997247 -0.074105 14.702200 -0.082876 0.073621 0.993837 -0.000000 0.000000 0.000000 0.000000 1.000000
0.996850 0.005832 0.079096 0.000000 -0.000035 0.997324 -0.073104 14.702200 -0.079311 0.072871 0.994183 0.000000 0.000000 0.000000 0.000000 1.000000
0.997233 0.008301 0.073878 0.000000 -0.003106 0.997532 -0.070146 14.702200 -0.074278 0.069722 0.994797 -0.000000 0.000000 0.000000 0.000000 1.000000
0.997714 0.015385 0.065800 0.000000 -0.011055 0.997781 -0.065661 14.702200 -0.066664 0.064783 0.995670 0.000000 0.000000 0.000000 0.000000 1.000000
0.998091 0.020238 0.058352 0.000000 -0.016389 0.997705 -0.065694 14.702200 -0.059548 0.064612 0.996132 0.000000 0.000000 0.000000 0.000000 1.000000
0.998348 0.019710 0.053961 0.000000 -0.016035 0.997576 -0.067716 14.702200 -0.055165 0.066739 0.996244 0.000000 0.000000 0.000000 0.000000 1.000000
0.998524 0.011923 0.052986 0.000000 -0.008173 0.997484 -0.070419 14.702200 -0.053692 0.069882 0.996109 0.000000 0.000000 0.000000 0.000000 1.000000
0.998495 0.001471 0.054823 0.000000 0.002455 0.997438 -0.071491 14.702200 -0.054788 0.071518 0.995933 0.000000 0.000000 0.000000 0.000000 1.000000
0.998236 -0.005293 0.059139 -0.000000 0.009321 0.997638 -0.068054 14.702200 -0.058639 0.068485 0.995927 0.000000 0.000000 0.000000 0.000000 1.000000
0.998013 -0.013478 0.061545 0.000000 0.017613 0.997587 -0.067150 14.702200 -0.060492 0.068101 0.995843 0.000000 0.000000 0.000000 0.000000 1.000000
0.997975 -0.024246 0.058802 0.000000 0.028361 0.997131 -0.070187 14.702200 -0.056932 0.071712 0.995799 0.000000 0.000000 0.000000 0.000000 1.000000
0.997831 -0.025480 0.060698 -0.000000 0.029796 0.997011 -0.071290 14.702200 -0.058701 0.072944 0.995607 0.000000 0.000000 0.000000 0.000000 1.000000
0.997332 -0.019368 0.070387 -0.000000 0.024402 0.997151 -0.071377 14.702200 -0.068804 0.072905 0.994963 0.000000 0.000000 0.000000 0.000000 1.000000
0.996909 -0.014026 0.077305 0.000000 0.019577 0.997247 -0.071518 14.702200 -0.076089 0.072810 0.994439 0.000000 0.000000 0.000000 0.000000 1.000000
0.996789 -0.008067 0.079669 0.000000 0.013835 0.997301 -0.072105 14.702200 -0.078872 0.072976 0.994210 0.000000 0.000000 0.000000 0.000000 1.000000
0.996504 0.000662 0.083547 -0.000000 0.005407 0.997362 -0.072390 14.702200 -0.083375 0.072589 0.993871 -0.000000 0.000000 0.000000 0.000000 1.000000</float_array>
        <technique_common>
          <accessor source="#mixamorig_Spine2-Matrix-animation-output-transform-array" count="32" stride="16">
            <param type="float4x4"/>
          </accessor>
        </technique_common>
      </source>
      <source id="mixamorig_Spine2-Interpolations">
        <Name_array id="mixamorig_Spine2-Interpolations-array" count="32">
 LINEAR LINEAR LINEAR LINEAR LINEAR LINEAR LINEAR LINEAR LINEAR LINEAR LINEAR
LINEAR LINEAR LINEAR LINEAR LINEAR LINEAR LINEAR LINEAR LINEAR LINEAR LINEAR LINEAR
LINEAR LINEAR LINEAR LINEAR LINEAR LINEAR LINEAR LINEAR LINEAR</Name_array>
        <technique_common>
          <accessor source="#mixamorig_Spine2-Interpolations-array" count="32">
            <param type="name"/>
          </accessor>
        </technique_common>
      </source>
      <sampler id="mixamorig_Spine2-Matrix-animation-transform">
        <input semantic="INPUT" source="#mixamorig_Spine2-Matrix-animation-input"/>
        <input semantic="OUTPUT" source="#mixamorig_Spine2-Matrix-animation-output-transform"/>
        <input semantic="INTERPOLATION" source="#mixamorig_Spine2-Interpolations"/>
      </sampler>
      <channel source="#mixamorig_Spine2-Matrix-animation-transform" target="mixamorig_Spine2/matrix"/>
    </animation>
    <animation id="mixamorig_Neck-anim" name="mixamorig_Neck">
      <source id="mixamorig_Neck-Matrix-animation-input">
        <float_array id="mixamorig_Neck-Matrix-animation-input-array" count="32">

0.000000 0.033333 0.066667 0.100000 0.133333 0.166667 0.200000 0.233333 0.266667 0.300000 0.333333 0.366667 0.400000 0.433333 0.466667 0.500000
0.533333 0.566667 0.600000 0.633333 0.666667 0.700000 0.733333 0.766667 0.800000 0.833333 0.866667 0.900000 0.933333 0.966667 1.000000 1.033333</float_array>
        <technique_common>
          <accessor source="#mixamorig_Neck-Matrix-animation-input-array" count="32">
            <param name="TIME" type="float"/>
          </accessor>
        </technique_common>
      </source>
      <source id="mixamorig_Neck-Matrix-animation-output-transform">
        <float_array id="mixamorig_Neck-Matrix-animation-output-transform-array" count="512">

0.994679 -0.032993 0.097600 0.000000 0.047889 0.986839 -0.154452 16.539900 -0.091220 0.158304 0.983168 0.000000 0.000000 0.000000 0.000000 1.000000
0.994724 -0.031799 0.097531 -0.000000 0.046753 0.986792 -0.155097 16.539900 -0.091311 0.158839 0.983073 -0.000000 0.000000 0.000000 0.000000 1.000000
0.994858 -0.026725 0.097692 0.000000 0.041700 0.987093 -0.154626 16.539900 -0.092298 0.157905 0.983131 0.000000 0.000000 0.000000 0.000000 1.000000
0.994889 -0.022706 0.098385 0.000000 0.037486 0.987809 -0.151089 16.539900 -0.093755 0.154005 0.983612 -0.000000 0.000000 0.000000 0.000000 1.000000
0.994727 -0.023757 0.099773 -0.000000 0.038266 0.988525 -0.146130 16.539900 -0.095157 0.149178 0.984221 -0.000000 0.000000 0.000000 0.000000 1.000000
0.994542 -0.022921 0.101788 -0.000000 0.037120 0.989474 -0.139872 16.539900 -0.097511 0.142887 0.984924 -0.000000 0.000000 0.000000 0.000000 1.000000
0.994452 -0.020807 0.103114 0.000000 0.034930 0.989939 -0.137117 16.539900 -0.099224 0.139958 0.985173 0.000000 0.000000 0.000000 0.000000 1.000000
0.994459 -0.023109 0.102550 -0.000000 0.037104 0.989913 -0.136733 16.539900 -0.098356 0.139780 0.985286 0.000000 0.000000 0.000000 0.000000 1.000000
0.994643 -0.022863 0.100813 -0.000000 0.036729 0.989764 -0.137905 16.539900 -0.096628 0.140869 0.985302 -0.000000 0.000000 0.000000 0.000000 1.000000
0.994863 -0.025498 0.097965 0.000000 0.039013 0.989577 -0.138623 16.539900 -0.093409 0.141732 0.985488 0.000000 0.000000 0.000000 0.000000 1.000000
0.995082 -0.018838 0.097251 -0.000000 0.032768 0.989080 -0.143692 16.539900 -0.093483 0.146172 0.984832 0.000000 0.000000 0.000000 0.000000 1.000000
0.994990 -0.009435 0.099524 0.000000 0.024255 0.988575 -0.148769 16.539900 -0.096983 0.150437 0.983851 0.000000 0.000000 0.000000 0.000000 1.000000
0.994826 -0.008748 0.101219 0.000000 0.023780 0.988660 -0.148276 16.539900 -0.098774 0.149916 0.983752 -0.000000 0.000000 0.000000 0.000000 1.000000
0.994725 -0.008717 0.102206 -0.000000 0.024230 0.988154 -0.151540 16.539900 -0.099674 0.153217 0.983153 -0.000000 0.000000 0.000000 0.000000 1.000000
0.994580 -0.007156 0.103725 0.000000 0.023471 0.987329 -0.156944 16.539900 -0.101288 0.158528 0.982145 0.000000 0.000000 0.000000 0.000000 1.000000
0.994457 -0.005770 0.104990 0.000000 0.022284 0.987378 -0.156808 16.539900 -0.102760 0.158279 0.982033 0.000000 0.000000 0.000000 0.000000 1.000000
0.994383 -0.007612 0.105570 0.000000 0.023850 0.987873 -0.153423 16.539900 -0.103122 0.155079 0.982505 0.000000 0.000000 0.000000 0.000000 1.000000
0.994298 -0.011063 0.106065 0.000000 0.026789 0.988623 -0.148010 16.539900 -0.103221 0.150007 0.983282 -0.000000 0.000000 0.000000 0.000000 1.000000
0.994118 -0.014628 0.107314 0.000000 0.029795 0.989543 -0.141127 16.539900 -0.104128 0.143494 0.984158 -0.000000 0.000000 0.000000 0.000000 1.000000
0.993896 -0.018188 0.108809 0.000000 0.033177 0.989935 -0.137577 16.539900 -0.105211 0.140347 0.984496 0.000000 0.000000 0.000000 0.000000 1.000000
0.993832 -0.019817 0.109107 0.000000 0.034684 0.990088 -0.136102 16.539900 -0.105328 0.139047 0.984668 -0.000000 0.000000 0.000000 0.000000 1.000000
0.993852 -0.018364 0.109183 0.000000 0.033138 0.990279 -0.135089 16.539900 -0.105641 0.137877 0.984799 0.000000 0.000000 0.000000 0.000000 1.000000
0.993885 -0.014910 0.109411 0.000000 0.029978 0.990063 -0.137394 16.539900 -0.106276 0.139833 0.984455 0.000000 0.000000 0.000000 0.000000 1.000000
0.994012 -0.014056 0.108363 0.000000 0.029391 0.989538 -0.141249 16.539900 -0.105244 0.143588 0.984025 0.000000 0.000000 0.000000 0.000000 1.000000
0.994184 -0.015228 0.106615 0.000000 0.030308 0.989504 -0.141292 16.539900 -0.103344 0.143701 0.984210 -0.000000 0.000000 0.000000 0.000000 1.000000
0.994256 -0.013870 0.106125 0.000000 0.028584 0.989962 -0.138411 16.539900 -0.103140 0.140650 0.984672 0.000000 0.000000 0.000000 0.000000 1.000000
0.994365 -0.013497 0.105144 0.000000 0.027883 0.990236 -0.136581 16.539900 -0.102274 0.138743 0.985033 -0.000000 0.000000 0.000000 0.000000 1.000000
0.994607 -0.018582 0.102040 0.000000 0.032477 0.990143 -0.136245 16.539900 -0.098502 0.138825 0.985406 0.000000 0.000000 0.000000 0.000000 1.000000
0.994769 -0.025465 0.098921 0.000000 0.039087 0.989617 -0.138315 16.539900 -0.094372 0.141458 0.985436 0.000000 0.000000 0.000000 0.000000 1.000000
0.994754 -0.030093 0.097769 0.000000 0.044088 0.988551 -0.144304 16.539900 -0.092307 0.147857 0.984692 -0.000000 0.000000 0.000000 0.000000 1.000000
0.994699 -0.032076 0.097698 0.000000 0.046666 0.987444 -0.150920 16.539900 -0.091630 0.154679 0.983706 -0.000000 0.000000 0.000000 0.000000 1.000000
0.994679 -0.032993 0.097600 -0.000000 0.047888 0.986839 -0.154452 16.539900 -0.091220 0.158304 0.983168 0.000000 0.000000 0.000000 0.000000 1.000000</float_array>
        <technique_common>
          <accessor source="#mixamorig_Neck-Matrix-animation-output-transform-array" count="32" stride="16">
            <param type="float4x4"/>
          </accessor>
        </technique_common>
      </source>
      <source id="mixamorig_Neck-Interpolations">
        <Name_array id="mixamorig_Neck-Interpolations-array" count="32">
 LINEAR LINEAR LINEAR LINEAR LINEAR LINEAR LINEAR LINEAR LINEAR LINEAR LINEAR
LINEAR LINEAR LINEAR LINEAR LINEAR LINEAR LINEAR LINEAR LINEAR LINEAR LINEAR LINEAR
LINEAR LINEAR LINEAR LINEAR LINEAR LINEAR LINEAR LINEAR LINEAR</Name_array>
        <technique_common>
          <accessor source="#mixamorig_Neck-Interpolations-array" count="32">
            <param type="name"/>
          </accessor>
        </technique_common>
      </source>
      <sampler id="mixamorig_Neck-Matrix-animation-transform">
        <input semantic="INPUT" source="#mixamorig_Neck-Matrix-animation-input"/>
        <input semantic="OUTPUT" source="#mixamorig_Neck-Matrix-animation-output-transform"/>
        <input semantic="INTERPOLATION" source="#mixamorig_Neck-Interpolations"/>
      </sampler>
      <channel source="#mixamorig_Neck-Matrix-animation-transform" target="mixamorig_Neck/matrix"/>
    </animation>
    <animation id="mixamorig_Head-anim" name="mixamorig_Head">
      <source id="mixamorig_Head-Matrix-animation-input">
        <float_array id="mixamorig_Head-Matrix-animation-input-array" count="32">

0.000000 0.033333 0.066667 0.100000 0.133333 0.166667 0.200000 0.233333 0.266667 0.300000 0.333333 0.366667 0.400000 0.433333 0.466667 0.500000
0.533333 0.566667 0.600000 0.633333 0.666667 0.700000 0.733333 0.766667 0.800000 0.833333 0.866667 0.900000 0.933333 0.966667 1.000000 1.033333</float_array>
        <technique_common>
          <accessor source="#mixamorig_Head-Matrix-animation-input-array" count="32">
            <param name="TIME" type="float"/>
          </accessor>
        </technique_common>
      </source>
      <source id="mixamorig_Head-Matrix-animation-output-transform">
        <float_array id="mixamorig_Head-Matrix-animation-output-transform-array" count="512">

0.810834 0.104857 0.575806 -0.000000 -0.177513 0.981538 0.071226 6.188500 -0.557707 -0.159965 0.814478 2.321600 0.000000 0.000000 0.000000 1.000000
0.812518 0.100175 0.574265 -0.000000 -0.171686 0.982552 0.071520 6.188500 -0.557080 -0.156705 0.815540 2.321600 0.000000 0.000000 0.000000 1.000000
0.811887 0.104609 0.574366 -0.000000 -0.176555 0.981744 0.070762 6.188500 -0.556478 -0.158859 0.815534 2.321600 0.000000 0.000000 0.000000 1.000000
0.807098 0.115988 0.578912 -0.000000 -0.188831 0.979724 0.066968 6.188500 -0.559407 -0.163366 0.812635 2.321600 0.000000 0.000000 0.000000 1.000000
0.799238 0.123391 0.588212 0.000000 -0.197259 0.978338 0.062798 6.188500 -0.567722 -0.166221 0.806265 2.321600 0.000000 0.000000 0.000000 1.000000
0.792402 0.123087 0.597451 0.000000 -0.203168 0.976764 0.068230 6.188500 -0.575171 -0.175449 0.798997 2.321600 0.000000 0.000000 0.000000 1.000000
0.790799 0.114351 0.601299 0.000000 -0.207904 0.974168 0.088165 6.188500 -0.575685 -0.194733 0.794145 2.321600 0.000000 0.000000 0.000000 1.000000
0.796230 0.096576 0.597235 -0.000000 -0.201507 0.973145 0.111285 6.188500 -0.570449 -0.208956 0.794308 2.321600 0.000000 0.000000 0.000000 1.000000
0.808660 0.076491 0.583283 -0.000000 -0.181683 0.975513 0.123957 6.188500 -0.559519 -0.206211 0.802755 2.321600 0.000000 0.000000 0.000000 1.000000
0.822140 0.061417 0.565963 0.000000 -0.164540 0.977369 0.132956 6.188500 -0.544989 -0.202432 0.813639 2.321600 0.000000 0.000000 0.000000 1.000000
0.828030 0.057572 0.557720 0.000000 -0.161911 0.976889 0.139544 6.188500 -0.536796 -0.205848 0.818215 2.321600 0.000000 0.000000 0.000000 1.000000
0.823925 0.063034 0.563182 0.000000 -0.164553 0.977587 0.131321 6.188500 -0.542282 -0.200872 0.815831 2.321600 0.000000 0.000000 0.000000 1.000000
0.818552 0.073703 0.569684 0.000000 -0.166407 0.979634 0.112362 6.188500 -0.549801 -0.186773 0.814147 2.321600 0.000000 0.000000 0.000000 1.000000
0.816499 0.078880 0.571934 -0.000000 -0.163946 0.981521 0.098683 6.188500 -0.553581 -0.174341 0.814343 2.321600 0.000000 0.000000 0.000000 1.000000
0.813504 0.081262 0.575854 -0.000000 -0.162716 0.982446 0.091230 6.188500 -0.558332 -0.167917 0.812446 2.321600 0.000000 0.000000 0.000000 1.000000
0.810361 0.087226 0.579402 0.000000 -0.165953 0.982533 0.084189 6.188500 -0.561939 -0.164377 0.810682 2.321600 0.000000 0.000000 0.000000 1.000000
0.807139 0.092664 0.583044 0.000000 -0.172623 0.981486 0.082982 6.188500 -0.564560 -0.167625 0.808191 2.321600 0.000000 0.000000 0.000000 1.000000
0.803453 0.096705 0.587462 0.000000 -0.182271 0.979295 0.088080 6.188500 -0.566781 -0.177845 0.804444 2.321600 0.000000 0.000000 0.000000 1.000000
0.800005 0.095650 0.592319 -0.000000 -0.188147 0.977410 0.096281 6.188500 -0.569730 -0.188469 0.799930 2.321600 0.000000 0.000000 0.000000 1.000000
0.797673 0.090048 0.596330 -0.000000 -0.191249 0.975525 0.108514 6.188500 -0.571963 -0.200607 0.795371 2.321600 0.000000 0.000000 0.000000 1.000000
0.795947 0.093533 0.598098 -0.000000 -0.203536 0.971823 0.118887 6.188500 -0.570125 -0.216362 0.792556 2.321600 0.000000 0.000000 0.000000 1.000000
0.793139 0.103928 0.600108 0.000000 -0.219227 0.968003 0.122103 6.188500 -0.568217 -0.228404 0.790545 2.321600 0.000000 0.000000 0.000000 1.000000
0.788914 0.117173 0.603230 0.000000 -0.230125 0.966553 0.113215 6.188500 -0.569788 -0.228135 0.789491 2.321600 0.000000 0.000000 0.000000 1.000000
0.787910 0.129275 0.602067 -0.000000 -0.228019 0.969466 0.090240 6.188500 -0.572018 -0.208383 0.793329 2.321600 0.000000 0.000000 0.000000 1.000000
0.787729 0.141765 0.599487 0.000000 -0.228054 0.971128 0.070015 6.188500 -0.572253 -0.191869 0.797316 2.321600 0.000000 0.000000 0.000000 1.000000
0.781999 0.157661 0.603010 0.000000 -0.248477 0.966132 0.069629 6.188500 -0.571609 -0.204284 0.794689 2.321600 0.000000 0.000000 0.000000 1.000000
