<?xml version="1.0" encoding="utf-8"?>
<COLLADA xmlns="http://www.collada.org/2005/11/COLLADASchema" version="1.4.1">
  <asset>
    <contributor>
      <author>Mixamo</author>
      <authoring_tool>COLLADA Mixamo exporter</authoring_tool>
      <comments/>
    </contributor>
    <created>2024-04-09T21:28:04Z</created>
    <modified>2024-04-09T21:28:04Z</modified>
    <revision/>
    <title/>
    <unit meter="0.010000"/>
    <up_axis>Y_UP</up_axis>
  </asset>
  <library_animations>
    <animation id="mixamorig_Hips-anim" name="mixamorig_Hips">
      <source id="mixamorig_Hips-Matrix-animation-input">
        <float_array id="mixamorig_Hips-Matrix-animation-input-array" count="22">

0.000000 0.033333 0.066667 0.100000 0.133333 0.166667 0.200000 0.233333 0.266667 0.300000 0.333333 0.366667 0.400000 0.433333 0.466667 0.500000
0.533333 0.566667 0.600000 0.633333 0.666667 0.700000</float_array>
        <technique_common>
          <accessor source="#mixamorig_Hips-Matrix-animation-input-array" count="22">
            <param name="TIME" type="float"/>
          </accessor>
        </technique_common>
      </source>
      <source id="mixamorig_Hips-Matrix-animation-output-transform">
        <float_array id="mixamorig_Hips-Matrix-animation-output-transform-array" count="352">

0.996602 0.080035 -0.019468 0.407631 -0.082300 0.977211 -0.195667 91.387474 0.003364 0.196604 0.980477 -0.865393 0.000000 0.000000 0.000000 1.000000
0.999477 0.015211 -0.028540 0.536337 -0.019719 0.986095 -0.165007 92.112206 0.025633 0.165484 0.985879 -0.894646 0.000000 0.000000 0.000000 1.000000
0.997113 -0.070840 -0.027348 0.357930 0.064992 0.982400 -0.175116 94.263382 0.039272 0.172833 0.984168 -0.440844 0.000000 0.000000 0.000000 1.000000
0.983957 -0.178379 -0.003116 0.022109 0.174874 0.967785 -0.181138 96.020760 0.035327 0.177687 0.983453 -0.039093 0.000000 0.000000 0.000000 1.000000
0.979955 -0.196748 0.031277 -0.152625 0.199113 0.962173 -0.185952 97.916191 0.006492 0.188452 0.982061 0.070813 0.000000 0.000000 0.000000 1.000000
0.988902 -0.143445 0.038694 -0.179266 0.148229 0.970267 -0.191339 98.577187 -0.010097 0.194951 0.980761 -0.191778 0.000000 0.000000 0.000000 1.000000
0.994643 -0.098087 0.032625 -0.159599 0.101967 0.982825 -0.153812 98.461197 -0.016977 0.156315 0.987561 -1.007832 0.000000 0.000000 0.000000 1.000000
0.996785 -0.040486 0.069139 -0.049132 0.049454 0.989833 -0.133360 97.246086 -0.063037 0.136351 0.988653 -1.338388 0.000000 0.000000 0.000000 1.000000
0.995406 -0.022399 0.093090 -0.182137 0.035402 0.989451 -0.140475 94.776970 -0.088962 0.143126 0.985698 -1.201220 0.000000 0.000000 0.000000 1.000000
0.995746 -0.026482 0.088248 -0.451381 0.041513 0.984026 -0.173117 92.990768 -0.082254 0.176044 0.980940 -0.753696 0.000000 0.000000 0.000000 1.000000
0.996974 -0.030227 0.071619 -1.233562 0.042941 0.982127 -0.183253 91.110184 -0.064799 0.185774 0.980454 -0.570614 0.000000 0.000000 0.000000 1.000000
0.997213 0.018749 0.072212 -2.010361 -0.005318 0.983307 -0.181878 91.017464 -0.074416 0.180988 0.980666 -0.518042 0.000000 0.000000 0.000000 1.000000
0.993934 0.071975 0.083151 -1.914107 -0.055397 0.980832 -0.186815 92.800575 -0.095003 0.181076 0.978870 -0.224124 0.000000 0.000000 0.000000 1.000000
0.993899 0.102907 0.039696 -1.543390 -0.093886 0.978207 -0.185193 95.392319 -0.057888 0.180336 0.981900 0.060294 0.000000 0.000000 0.000000 1.000000
0.992543 0.121537 0.009382 -0.912770 -0.117869 0.976514 -0.180354 97.331291 -0.031082 0.177903 0.983557 0.053252 0.000000 0.000000 0.000000 1.000000
0.998022 0.058800 0.022246 -0.944966 -0.054295 0.984549 -0.166477 98.565811 -0.031691 0.164940 0.985794 -0.321919 0.000000 0.000000 0.000000 1.000000
0.998294 -0.053448 0.023498 -1.364709 0.056228 0.988503 -0.140357 98.986107 -0.015726 0.141438 0.989822 -0.756157 0.000000 0.000000 0.000000 1.000000
0.998433 -0.055539 0.006812 -1.389472 0.055955 0.991349 -0.118725 98.462448 -0.000159 0.118921 0.992904 -1.296052 0.000000 0.000000 0.000000 1.000000
0.999382 -0.020534 -0.028521 -1.006674 0.017136 0.993258 -0.114649 96.928169 0.030683 0.114089 0.992997 -1.443443 0.000000 0.000000 0.000000 1.000000
0.998473 0.042395 -0.035411 -0.245413 -0.046567 0.990839 -0.126766 94.550957 0.029712 0.128221 0.991300 -1.319458 0.000000 0.000000 0.000000 1.000000
0.996534 0.080883 -0.019425 0.115913 -0.083011 0.981980 -0.169776 92.436790 0.005343 0.170800 0.985291 -1.034914 0.000000 0.000000 0.000000 1.000000
0.996602 0.080035 -0.019468 0.407631 -0.082300 0.977211 -0.195667 91.387474 0.003364 0.196604 0.980477 -0.865393 0.000000 0.000000 0.000000 1.000000</float_array>
        <technique_common>
          <accessor source="#mixamorig_Hips-Matrix-animation-output-transform-array" count="22" stride="16">
            <param type="float4x4"/>
          </accessor>
        </technique_common>
      </source>
      <source id="mixamorig_Hips-Interpolations">
        <Name_array id="mixamorig_Hips-Interpolations-array" count="22">
 LINEAR LINEAR LINEAR LINEAR LINEAR LINEAR LINEAR LINEAR LINEAR LINEAR LINEAR
LINEAR LINEAR LINEAR LINEAR LINEAR LINEAR LINEAR LINEAR LINEAR LINEAR LINEAR</Name_array>
        <technique_common>
          <accessor source="#mixamorig_Hips-Interpolations-array" count="22">
            <param type="name"/>
          </accessor>
        </technique_common>
      </source>
      <sampler id="mixamorig_Hips-Matrix-animation-transform">
        <input semantic="INPUT" source="#mixamorig_Hips-Matrix-animation-input"/>
        <input semantic="OUTPUT" source="#mixamorig_Hips-Matrix-animation-output-transform"/>
        <input semantic="INTERPOLATION" source="#mixamorig_Hips-Interpolations"/>
      </sampler>
      <channel source="#mixamorig_Hips-Matrix-animation-transform" target="mixamorig_Hips/matrix"/>
    </animation>
    <animation id="mixamorig_Spine-anim" name="mixamorig_Spine">
      <source id="mixamorig_Spine-Matrix-animation-input">
        <float_array id="mixamorig_Spine-Matrix-animation-input-array" count="22">

0.000000 0.033333 0.066667 0.100000 0.133333 0.166667 0.200000 0.233333 0.266667 0.300000 0.333333 0.366667 0.400000 0.433333 0.466667 0.500000
0.533333 0.566667 0.600000 0.633333 0.666667 0.700000</float_array>
        <technique_common>
          <accessor source="#mixamorig_Spine-Matrix-animation-input-array" count="22">
            <param name="TIME" type="float"/>
          </accessor>
        </technique_common>
      </source>
      <source id="mixamorig_Spine-Matrix-animation-output-transform">
        <float_array id="mixamorig_Spine-Matrix-animation-output-transform-array" count="352">

0.992786 -0.118697 0.016927 0.000000 0.119810 0.987523 -0.102195 10.997300 -0.004585 0.103486 0.994620 -0.803100 0.000000 0.000000 0.000000 1.000000
0.993170 -0.042449 0.108678 0.000000 0.054651 0.992219 -0.111873 10.997300 -0.103084 0.117048 0.987762 -0.803100 0.000000 0.000000 0.000000 1.000000
0.984091 0.059910 0.167258 0.000000 -0.043806 0.994186 -0.098364 10.997300 -0.172179 0.089473 0.980994 -0.803100 0.000000 0.000000 0.000000 1.000000
0.959135 0.193377 0.206558 -0.000000 -0.175023 0.979068 -0.103886 10.997300 -0.222323 0.063489 0.972904 -0.803100 0.000000 0.000000 0.000000 1.000000
0.942117 0.218770 0.254076 0.000000 -0.202584 0.975253 -0.088546 10.997300 -0.267160 0.031949 0.963122 -0.803100 0.000000 0.000000 0.000000 1.000000
0.943284 0.166001 0.287503 0.000000 -0.155897 0.986077 -0.057860 10.997300 -0.293105 0.009757 0.956030 -0.803100 0.000000 0.000000 0.000000 1.000000
0.957305 0.117222 0.264245 0.000000 -0.105890 0.992755 -0.056780 10.997300 -0.268986 0.026375 0.962783 -0.803100 0.000000 0.000000 0.000000 1.000000
0.984046 0.046104 0.171836 0.000000 -0.038704 0.998183 -0.046172 10.997300 -0.173652 0.038785 0.984043 -0.803100 0.000000 0.000000 0.000000 1.000000
0.996540 0.023479 0.079727 0.000000 -0.020204 0.998928 -0.041645 10.997300 -0.080619 0.039890 0.995946 -0.803100 0.000000 0.000000 0.000000 1.000000
0.999533 0.030380 0.003185 -0.000000 -0.030160 0.998039 -0.054854 10.997300 -0.004845 0.054732 0.998489 -0.803100 0.000000 0.000000 0.000000 1.000000
0.996630 0.051197 -0.064089 0.000000 -0.055985 0.995589 -0.075282 10.997300 0.059953 0.078617 0.995101 -0.803100 0.000000 0.000000 0.000000 1.000000
0.990964 0.004679 -0.134048 0.000000 -0.016804 0.995849 -0.089461 10.997300 0.133073 0.090905 0.986928 -0.803100 0.000000 0.000000 0.000000 1.000000
0.975885 -0.051943 -0.212015 0.000000 0.030714 0.994287 -0.102225 10.997300 0.216114 0.093248 0.971905 -0.803100 0.000000 0.000000 0.000000 1.000000
0.960361 -0.087884 -0.264543 0.000000 0.062904 0.992847 -0.101477 10.997300 0.271569 0.080813 0.959020 -0.803100 0.000000 0.000000 0.000000 1.000000
0.933363 -0.127591 -0.335490 0.000000 0.097481 0.989664 -0.105182 10.997300 0.345442 0.065469 0.936154 -0.803100 0.000000 0.000000 0.000000 1.000000
0.912901 -0.056102 -0.404307 0.000000 0.028049 0.996790 -0.074983 10.997300 0.407216 0.057112 0.911544 -0.803100 0.000000 0.000000 0.000000 1.000000
0.903479 0.080952 -0.420919 0.000000 -0.098232 0.994973 -0.019496 10.997300 0.417224 0.058962 0.906889 -0.803100 0.000000 0.000000 0.000000 1.000000
0.919404 0.077888 -0.385526 0.000000 -0.103260 0.993612 -0.045516 10.997300 0.379518 0.081657 0.921574 -0.803100 0.000000 0.000000 0.000000 1.000000
0.949377 0.032885 -0.312412 0.000000 -0.061402 0.994749 -0.081881 10.997300 0.308079 0.096919 0.946411 -0.803100 0.000000 0.000000 0.000000 1.000000
0.976587 -0.062627 -0.205804 0.000000 0.040533 0.993119 -0.109873 10.997300 0.211269 0.098958 0.972406 -0.803100 0.000000 0.000000 0.000000 1.000000
0.987309 -0.121830 -0.101869 -0.000000 0.110699 0.987903 -0.108595 10.997300 0.113867 0.095940 0.988853 -0.803100 0.000000 0.000000 0.000000 1.000000
0.992786 -0.118697 0.016927 0.000000 0.119810 0.987523 -0.102195 10.997300 -0.004585 0.103486 0.994620 -0.803100 0.000000 0.000000 0.000000 1.000000</float_array>
        <technique_common>
          <accessor source="#mixamorig_Spine-Matrix-animation-output-transform-array" count="22" stride="16">
            <param type="float4x4"/>
          </accessor>
        </technique_common>
      </source>
      <source id="mixamorig_Spine-Interpolations">
        <Name_array id="mixamorig_Spine-Interpolations-array" count="22">
 LINEAR LINEAR LINEAR LINEAR LINEAR LINEAR LINEAR LINEAR LINEAR LINEAR LINEAR
LINEAR LINEAR LINEAR LINEAR LINEAR LINEAR LINEAR LINEAR LINEAR LINEAR LINEAR</Name_array>
        <technique_common>
          <accessor source="#mixamorig_Spine-Interpolations-array" count="22">
            <param type="name"/>
          </accessor>
        </technique_common>
      </source>
      <sampler id="mixamorig_Spine-Matrix-animation-transform">
        <input semantic="INPUT" source="#mixamorig_Spine-Matrix-animation-input"/>
        <input semantic="OUTPUT" source="#mixamorig_Spine-Matrix-animation-output-transform"/>
        <input semantic="INTERPOLATION" source="#mixamorig_Spine-Interpolations"/>
      </sampler>
      <channel source="#mixamorig_Spine-Matrix-animation-transform" target="mixamorig_Spine/matrix"/>
    </animation>
    <animation id="mixamorig_Spine1-anim" name="mixamorig_Spine1">
      <source id="mixamorig_Spine1-Matrix-animation-input">
        <float_array id="mixamorig_Spine1-Matrix-animation-input-array" count="22">

0.000000 0.033333 0.066667 0.100000 0.133333 0.166667 0.200000 0.233333 0.266667 0.300000 0.333333 0.366667 0.400000 0.433333 0.466667 0.500000
0.533333 0.566667 0.600000 0.633333 0.666667 0.700000</float_array>
        <technique_common>
          <accessor source="#mixamorig_Spine1-Matrix-animation-input-array" count="22">
            <param name="TIME" type="float"/>
          </accessor>
        </technique_common>
      </source>
      <source id="mixamorig_Spine1-Matrix-animation-output-transform">
        <float_array id="mixamorig_Spine1-Matrix-animation-output-transform-array" count="352">

0.999960 -0.008792 -0.001465 0.000000 0.008734 0.999335 -0.035410 12.864400 0.001775 0.035396 0.999372 0.000000 0.000000 0.000000 0.000000 1.000000
0.998894 -0.006640 0.046550 0.000000 0.008626 0.999055 -0.042602 12.864400 -0.046223 0.042957 0.998007 0.000000 0.000000 0.000000 0.000000 1.000000
0.997285 -0.003107 0.073574 0.000000 0.005419 0.999497 -0.031236 12.864400 -0.073440 0.031550 0.996800 0.000000 0.000000 0.000000 0.000000 1.000000
0.996321 0.002345 0.085669 -0.000000 -0.000546 0.999779 -0.021014 12.864400 -0.085699 0.020890 0.996102 0.000000 0.000000 0.000000 0.000000 1.000000
0.995111 0.006347 0.098556 0.000000 -0.005557 0.999950 -0.008287 12.864400 -0.098604 0.007699 0.995097 0.000000 0.000000 0.000000 0.000000 1.000000
0.994503 -0.000079 0.104704 0.000000 -0.000251 0.999995 0.003146 12.864400 -0.104704 -0.003155 0.994498 0.000000 0.000000 0.000000 0.000000 1.000000
0.995413 -0.000844 0.095663 0.000000 0.001051 0.999997 -0.002118 12.864400 -0.095661 0.002209 0.995411 0.000000 0.000000 0.000000 0.000000 1.000000
0.997215 0.005908 0.074353 0.000000 -0.005527 0.999971 -0.005329 12.864400 -0.074382 0.004903 0.997218 0.000000 0.000000 0.000000 0.000000 1.000000
0.998581 0.014887 0.051134 0.000000 -0.014683 0.999883 -0.004369 12.864400 -0.051193 0.003612 0.998682 0.000000 0.000000 0.000000 0.000000 1.000000
0.999557 0.022997 0.018908 0.000000 -0.022886 0.999720 -0.006049 12.864400 -0.019041 0.005614 0.999803 0.000000 0.000000 0.000000 0.000000 1.000000
0.999545 0.025244 -0.016479 0.000000 -0.025401 0.999634 -0.009348 12.864400 0.016237 0.009762 0.999821 -0.000000 0.000000 0.000000 0.000000 1.000000
0.998369 0.019367 -0.053711 0.000000 -0.020129 0.999704 -0.013676 12.864400 0.053430 0.014735 0.998463 -0.000000 0.000000 0.000000 0.000000 1.000000
0.995126 0.011983 -0.097885 0.000000 -0.013670 0.999769 -0.016579 12.864400 0.097663 0.017836 0.995060 -0.000000 0.000000 0.000000 0.000000 1.000000
0.991928 0.005711 -0.126671 0.000000 -0.007319 0.999898 -0.012233 12.864400 0.126589 0.013062 0.991869 0.000000 0.000000 0.000000 0.000000 1.000000
0.989353 0.005832 -0.145422 -0.000000 -0.006995 0.999947 -0.007491 12.864400 0.145370 0.008428 0.989341 0.000000 0.000000 0.000000 0.000000 1.000000
0.988340 0.008994 -0.151994 0.000000 -0.010096 0.999928 -0.006477 12.864400 0.151925 0.007936 0.988360 0.000000 0.000000 0.000000 0.000000 1.000000
0.987483 0.015782 -0.156935 0.000000 -0.017000 0.999835 -0.006423 12.864400 0.156807 0.009010 0.987588 0.000000 0.000000 0.000000 0.000000 1.000000
0.988254 0.023639 -0.150981 0.000000 -0.026223 0.999541 -0.015143 12.864400 0.150554 0.018924 0.988421 0.000000 0.000000 0.000000 0.000000 1.000000
0.991430 0.012579 -0.130034 0.000000 -0.016205 0.999508 -0.026866 12.864400 0.129632 0.028743 0.991145 -0.000000 0.000000 0.000000 0.000000 1.000000
0.995155 0.001441 -0.098306 0.000000 -0.004439 0.999532 -0.030283 12.864400 0.098216 0.030572 0.994695 0.000000 0.000000 0.000000 0.000000 1.000000
0.998329 -0.002506 -0.057733 0.000000 0.000719 0.999520 -0.030959 12.864400 0.057783 0.030866 0.997852 0.000000 0.000000 0.000000 0.000000 1.000000
0.999960 -0.008792 -0.001465 0.000000 0.008734 0.999335 -0.035410 12.864400 0.001775 0.035396 0.999372 0.000000 0.000000 0.000000 0.000000 1.000000</float_array>
        <technique_common>
          <accessor source="#mixamorig_Spine1-Matrix-animation-output-transform-array" count="22" stride="16">
            <param type="float4x4"/>
          </accessor>
        </technique_common>
      </source>
      <source id="mixamorig_Spine1-Interpolations">
        <Name_array id="mixamorig_Spine1-Interpolations-array" count="22">
 LINEAR LINEAR LINEAR LINEAR LINEAR LINEAR LINEAR LINEAR LINEAR LINEAR LINEAR
LINEAR LINEAR LINEAR LINEAR LINEAR LINEAR LINEAR LINEAR LINEAR LINEAR LINEAR</Name_array>
        <technique_common>
          <accessor source="#mixamorig_Spine1-Interpolations-array" count="22">
            <param type="name"/>
          </accessor>
        </technique_common>
      </source>
      <sampler id="mixamorig_Spine1-Matrix-animation-transform">
        <input semantic="INPUT" source="#mixamorig_Spine1-Matrix-animation-input"/>
        <input semantic="OUTPUT" source="#mixamorig_Spine1-Matrix-animation-output-transform"/>
        <input semantic="INTERPOLATION" source="#mixamorig_Spine1-Interpolations"/>
      </sampler>
      <channel source="#mixamorig_Spine1-Matrix-animation-transform" target="mixamorig_Spine1/matrix"/>
    </animation>
    <animation id="mixamorig_Spine2-anim" name="mixamorig_Spine2">
      <source id="mixamorig_Spine2-Matrix-animation-input">
        <float_array id="mixamorig_Spine2-Matrix-animation-input-array" count="22">

0.000000 0.033333 0.066667 0.100000 0.133333 0.166667 0.200000 0.233333 0.266667 0.300000 0.333333 0.366667 0.400000 0.433333 0.466667 0.500000
0.533333 0.566667 0.600000 0.633333 0.666667 0.700000</float_array>
        <technique_common>
          <accessor source="#mixamorig_Spine2-Matrix-animation-input-array" count="22">
            <param name="TIME" type="float"/>
          </accessor>
        </technique_common>
      </source>
      <source id="mixamorig_Spine2-Matrix-animation-output-transform">
        <float_array id="mixamorig_Spine2-Matrix-animation-output-transform-array" count="352">

0.999994 -0.003180 -0.001151 0.000000 0.003068 0.996209 -0.086934 14.702200 0.001424 0.086930 0.996213 -0.000000 0.000000 0.000000 0.000000 1.000000
0.998873 -0.000664 0.047466 0.000000 0.005123 0.995570 -0.093884 14.702200 -0.047193 0.094022 0.994451 -0.000000 0.000000 0.000000 0.000000 1.000000
0.997187 0.003039 0.074893 0.000000 0.003075 0.996677 -0.081392 14.702200 -0.074892 0.081393 0.993864 0.000000 0.000000 0.000000 0.000000 1.000000
0.996159 0.008887 0.087108 0.000000 -0.002811 0.997569 -0.069634 14.702200 -0.087515 0.069121 0.993762 -0.000000 0.000000 0.000000 0.000000 1.000000
0.994934 0.013537 0.099618 0.000000 -0.007975 0.998398 -0.056022 14.702200 -0.100217 0.054944 0.993447 0.000000 0.000000 0.000000 0.000000 1.000000
0.994388 0.007257 0.105541 0.000000 -0.002530 0.998990 -0.044853 14.702200 -0.105760 0.044334 0.993403 -0.000000 0.000000 0.000000 0.000000 1.000000
0.995305 0.006762 0.096547 0.000000 -0.001808 0.998681 -0.051309 14.702200 -0.096767 0.050894 0.994005 0.000000 0.000000 0.000000 0.000000 1.000000
0.997089 0.013433 0.075053 -0.000000 -0.009243 0.998394 -0.055899 14.702200 -0.075683 0.055042 0.995612 -0.000000 0.000000 0.000000 0.000000 1.000000
0.998431 0.021892 0.051534 -0.000000 -0.019025 0.998278 -0.055487 14.702200 -0.052660 0.054420 0.997129 0.000000 0.000000 0.000000 0.000000 1.000000
0.999396 0.029078 0.019040 -0.000000 -0.027945 0.997967 -0.057281 14.702200 -0.020667 0.056715 0.998177 -0.000000 0.000000 0.000000 0.000000 1.000000
0.999401 0.030163 -0.016955 0.000000 -0.031140 0.997672 -0.060666 14.702200 0.015086 0.061158 0.998014 -0.000000 0.000000 0.000000 0.000000 1.000000
0.998278 0.022615 -0.054124 0.000000 -0.026112 0.997556 -0.064811 14.702200 0.052526 0.066113 0.996429 -0.000000 0.000000 0.000000 0.000000 1.000000
0.995094 0.014389 -0.097887 0.000000 -0.021024 0.997525 -0.067094 14.702200 0.096679 0.068823 0.992933 -0.000000 0.000000 0.000000 0.000000 1.000000
0.991917 0.007580 -0.126665 0.000000 -0.015491 0.997981 -0.061592 14.702200 0.125943 0.063056 0.990031 -0.000000 0.000000 0.000000 0.000000 1.000000
0.989318 0.008047 -0.145548 0.000000 -0.016198 0.998360 -0.054907 14.702200 0.144868 0.056678 0.987826 -0.000000 0.000000 0.000000 0.000000 1.000000
0.988360 0.011684 -0.151687 0.000000 -0.020082 0.998342 -0.053946 14.702200 0.150805 0.056364 0.986955 0.000000 0.000000 0.000000 0.000000 1.000000
0.987502 0.019110 -0.156445 0.000000 -0.027996 0.998105 -0.054790 14.702200 0.155102 0.058485 0.986166 0.000000 0.000000 0.000000 0.000000 1.000000
0.988177 0.027710 -0.150795 -0.000000 -0.037589 0.997302 -0.063061 14.702200 0.148641 0.067984 0.986552 0.000000 0.000000 0.000000 0.000000 1.000000
0.991366 0.017098 -0.130002 0.000000 -0.027048 0.996804 -0.075162 14.702200 0.128302 0.078029 0.988661 0.000000 0.000000 0.000000 0.000000 1.000000
0.995136 0.006276 -0.098309 0.000000 -0.014130 0.996743 -0.079401 14.702200 0.097490 0.080404 0.991983 0.000000 0.000000 0.000000 0.000000 1.000000
0.998328 0.002948 -0.057721 -0.000000 -0.007643 0.996660 -0.081300 14.702200 0.057289 0.081605 0.995017 -0.000000 0.000000 0.000000 0.000000 1.000000
0.999994 -0.003180 -0.001151 0.000000 0.003068 0.996209 -0.086934 14.702200 0.001424 0.086930 0.996213 -0.000000 0.000000 0.000000 0.000000 1.000000</float_array>
        <technique_common>
          <accessor source="#mixamorig_Spine2-Matrix-animation-output-transform-array" count="22" stride="16">
            <param type="float4x4"/>
          </accessor>
        </technique_common>
      </source>
      <source id="mixamorig_Spine2-Interpolations">
        <Name_array id="mixamorig_Spine2-Interpolations-array" count="22">
 LINEAR LINEAR LINEAR LINEAR LINEAR LINEAR LINEAR LINEAR LINEAR LINEAR LINEAR
LINEAR LINEAR LINEAR LINEAR LINEAR LINEAR LINEAR LINEAR LINEAR LINEAR LINEAR</Name_array>
        <technique_common>
          <accessor source="#mixamorig_Spine2-Interpolations-array" count="22">
            <param type="name"/>
          </accessor>
        </technique_common>
      </source>
      <sampler id="mixamorig_Spine2-Matrix-animation-transform">
        <input semantic="INPUT" source="#mixamorig_Spine2-Matrix-animation-input"/>
        <input semantic="OUTPUT" source="#mixamorig_Spine2-Matrix-animation-output-transform"/>
        <input semantic="INTERPOLATION" source="#mixamorig_Spine2-Interpolations"/>
      </sampler>
      <channel source="#mixamorig_Spine2-Matrix-animation-transform" target="mixamorig_Spine2/matrix"/>
    </animation>
    <animation id="mixamorig_Neck-anim" name="mixamorig_Neck">
      <source id="mixamorig_Neck-Matrix-animation-input">
        <float_array id="mixamorig_Neck-Matrix-animation-input-array" count="22">

0.000000 0.033333 0.066667 0.100000 0.133333 0.166667 0.200000 0.233333 0.266667 0.300000 0.333333 0.366667 0.400000 0.433333 0.466667 0.500000
0.533333 0.566667 0.600000 0.633333 0.666667 0.700000</float_array>
        <technique_common>
          <accessor source="#mixamorig_Neck-Matrix-animation-input-array" count="22">
            <param name="TIME" type="float"/>
          </accessor>
        </technique_common>
      </source>
      <source id="mixamorig_Neck-Matrix-animation-output-transform">
        <float_array id="mixamorig_Neck-Matrix-animation-output-transform-array" count="352">

0.999970 0.004850 -0.005963 0.000000 -0.004885 0.999971 -0.005850 16.539900 0.005935 0.005879 0.999965 0.000000 0.000000 0.000000 0.000000 1.000000
0.999451 0.001539 -0.033081 -0.000000 -0.001960 0.999917 -0.012703 16.539900 0.033059 0.012761 0.999372 0.000000 0.000000 0.000000 0.000000 1.000000
0.998808 0.024033 -0.042475 0.000000 -0.025129 0.999360 -0.025466 16.539900 0.041835 0.026503 0.998773 0.000000 0.000000 0.000000 0.000000 1.000000
0.998440 0.001062 -0.055820 -0.000000 -0.002522 0.999656 -0.026095 16.539900 0.055773 0.026195 0.998100 -0.000000 0.000000 0.000000 0.000000 1.000000
0.997804 0.000383 -0.066231 0.000000 -0.002783 0.999343 -0.036142 16.539900 0.066174 0.036247 0.997150 0.000000 0.000000 0.000000 0.000000 1.000000
0.997510 0.027251 -0.065054 0.000000 -0.030687 0.998153 -0.052423 16.539900 0.063505 0.054289 0.996504 0.000000 0.000000 0.000000 0.000000 1.000000
0.997994 0.017706 -0.060787 0.000000 -0.020776 0.998521 -0.050236 16.539900 0.059807 0.051398 0.996886 0.000000 0.000000 0.000000 0.000000 1.000000
0.998711 0.015572 -0.048306 -0.000000 -0.017928 0.998651 -0.048732 16.539900 0.047482 0.049535 0.997643 0.000000 0.000000 0.000000 0.000000 1.000000
0.999365 0.012953 -0.033180 0.000000 -0.014381 0.998964 -0.043185 16.539900 0.032586 0.043635 0.998516 -0.000000 0.000000 0.000000 0.000000 1.000000
0.999843 0.001727 -0.017623 0.000000 -0.002084 0.999793 -0.020233 16.539900 0.017585 0.020266 0.999640 -0.000000 0.000000 0.000000 0.000000 1.000000
0.999684 -0.025064 -0.001698 0.000000 0.025046 0.999640 -0.009671 16.539900 0.001940 0.009626 0.999952 0.000000 0.000000 0.000000 0.000000 1.000000
0.999763 -0.007244 0.020518 -0.000000 0.007707 0.999715 -0.022594 16.539900 -0.020348 0.022747 0.999534 0.000000 0.000000 0.000000 0.000000 1.000000
0.998745 -0.035298 0.035540 -0.000000 0.036392 0.998869 -0.030607 16.539900 -0.034419 0.031862 0.998899 -0.000000 0.000000 0.000000 0.000000 1.000000
0.997978 -0.027544 0.057276 0.000000 0.029158 0.999195 -0.027542 16.539900 -0.056472 0.029156 0.997978 -0.000000 0.000000 0.000000 0.000000 1.000000
0.996738 0.001946 0.080686 0.000000 -0.000560 0.999852 -0.017192 16.539900 -0.080707 0.017091 0.996591 0.000000 0.000000 0.000000 0.000000 1.000000
0.996210 -0.012509 0.086080 0.000000 0.015024 0.999477 -0.028636 16.539900 -0.085677 0.029821 0.995877 0.000000 0.000000 0.000000 0.000000 1.000000
0.995533 -0.045314 0.082830 0.000000 0.049677 0.997442 -0.051398 16.539900 -0.080290 0.055283 0.995237 -0.000000 0.000000 0.000000 0.000000 1.000000
0.995363 -0.055968 0.078237 -0.000000 0.059918 0.996996 -0.049084 16.539900 -0.075255 0.053544 0.995726 0.000000 0.000000 0.000000 0.000000 1.000000
0.996859 -0.033754 0.071638 0.000000 0.035811 0.998977 -0.027622 16.539900 -0.070633 0.030101 0.997048 0.000000 0.000000 0.000000 0.000000 1.000000
0.998311 -0.000334 0.058088 -0.000000 0.000878 0.999956 -0.009340 16.539900 -0.058082 0.009375 0.998268 -0.000000 0.000000 0.000000 0.000000 1.000000
0.999499 0.008562 0.030467 -0.000000 -0.008355 0.999941 -0.006920 16.539900 -0.030524 0.006662 0.999512 -0.000000 0.000000 0.000000 0.000000 1.000000
0.999970 0.004850 -0.005963 0.000000 -0.004885 0.999971 -0.005850 16.539900 0.005935 0.005879 0.999965 0.000000 0.000000 0.000000 0.000000 1.000000</float_array>
        <technique_common>
          <accessor source="#mixamorig_Neck-Matrix-animation-output-transform-array" count="22" stride="16">
            <param type="float4x4"/>
          </accessor>
        </technique_common>
      </source>
      <source id="mixamorig_Neck-Interpolations">
        <Name_array id="mixamorig_Neck-Interpolations-array" count="22">
 LINEAR LINEAR LINEAR LINEAR LINEAR LINEAR LINEAR LINEAR LINEAR LINEAR LINEAR
LINEAR LINEAR LINEAR LINEAR LINEAR LINEAR LINEAR LINEAR LINEAR LINEAR LINEAR</Name_array>
        <technique_common>
          <accessor source="#mixamorig_Neck-Interpolations-array" count="22">
            <param type="name"/>
          </accessor>
        </technique_common>
      </source>
      <sampler id="mixamorig_Neck-Matrix-animation-transform">
        <input semantic="INPUT" source="#mixamorig_Neck-Matrix-animation-input"/>
        <input semantic="OUTPUT" source="#mixamorig_Neck-Matrix-animation-output-transform"/>
        <input semantic="INTERPOLATION" source="#mixamorig_Neck-Interpolations"/>
      </sampler>
      <channel source="#mixamorig_Neck-Matrix-animation-transform" target="mixamorig_Neck/matrix"/>
    </animation>
    <animation id="mixamorig_Head-anim" name="mixamorig_Head">
      <source id="mixamorig_Head-Matrix-animation-input">
        <float_array id="mixamorig_Head-Matrix-animation-input-array" count="22">

0.000000 0.033333 0.066667 0.100000 0.133333 0.166667 0.200000 0.233333 0.266667 0.300000 0.333333 0.366667 0.400000 0.433333 0.466667 0.500000
0.533333 0.566667 0.600000 0.633333 0.666667 0.700000</float_array>
        <technique_common>
          <accessor source="#mixamorig_Head-Matrix-animation-input-array" count="22">
            <param name="TIME" type="float"/>
          </accessor>
        </technique_common>
      </source>
      <source id="mixamorig_Head-Matrix-animation-output-transform">
        <float_array id="mixamorig_Head-Matrix-animation-output-transform-array" count="352">

0.998399 0.054764 0.014124 0.000000 -0.056531 0.958949 0.277887 6.188500 0.001674 -0.278240 0.960510 2.321600 0.000000 0.000000 0.000000 1.000000
0.989400 0.074373 -0.124724 0.000000 -0.039607 0.964536 0.260961 6.188500 0.139709 -0.253255 0.957258 2.321600 0.000000 0.000000 0.000000 1.000000
0.971698 0.020755 -0.235311 -0.000000 0.025127 0.981400 0.190323 6.188500 0.234885 -0.190849 0.953103 2.321600 0.000000 0.000000 0.000000 1.000000
0.952070 -0.005717 -0.305826 -0.000000 0.047649 0.990392 0.129822 6.188500 0.302145 -0.138172 0.943195 2.321600 0.000000 0.000000 0.000000 1.000000
0.917800 -0.036765 -0.395336 0.000000 0.074311 0.994015 0.080078 6.188500 0.390026 -0.102874 0.915039 2.321600 0.000000 0.000000 0.000000 1.000000
0.896920 -0.064710 -0.437432 0.000000 0.087056 0.995715 0.031204 6.188500 0.433539 -0.066068 0.898710 2.321600 0.000000 0.000000 0.000000 1.000000
0.915019 -0.058461 -0.399153 0.000000 0.068296 0.997610 0.010449 6.188500 0.397588 -0.036822 0.916825 2.321600 0.000000 0.000000 0.000000 1.000000
0.944794 -0.049934 -0.323837 0.000000 0.060101 0.997962 0.021463 6.188500 0.322105 -0.039741 0.945869 2.321600 0.000000 0.000000 0.000000 1.000000
0.972025 -0.043426 -0.230828 0.000000 0.055662 0.997354 0.046763 6.188500 0.228187 -0.058303 0.971870 2.321600 0.000000 0.000000 0.000000 1.000000
0.991883 -0.023806 -0.124905 -0.000000 0.039931 0.990940 0.128233 6.188500 0.120720 -0.132180 0.983847 2.321600 0.000000 0.000000 0.000000 1.000000
0.999641 -0.024602 0.010616 0.000000 0.021865 0.977981 0.207544 6.188500 -0.015488 -0.207237 0.978168 2.321600 0.000000 0.000000 0.000000 1.000000
0.993009 -0.041417 0.110538 0.000000 0.016527 0.975983 0.217218 6.188500 -0.116879 -0.213873 0.969844 2.321600 0.000000 0.000000 0.000000 1.000000
0.969125 -0.017091 0.245977 0.000000 -0.036029 0.977072 0.209841 6.188500 -0.243923 -0.212224 0.946289 2.321600 0.000000 0.000000 0.000000 1.000000
0.929141 -0.000617 0.369726 -0.000000 -0.067609 0.982854 0.171545 6.188500 -0.363493 -0.184386 0.913167 2.321600 0.000000 0.000000 0.000000 1.000000
0.885980 0.006699 0.463675 -0.000000 -0.065702 0.991622 0.111217 6.188500 -0.459045 -0.129000 0.878998 2.321600 0.000000 0.000000 0.000000 1.000000
0.853810 0.024106 0.520027 -0.000000 -0.067856 0.995558 0.065260 6.188500 -0.516144 -0.091007 0.851653 2.321600 0.000000 0.000000 0.000000 1.000000
0.844130 0.035657 0.534951 0.000000 -0.078285 0.995289 0.057190 6.188500 -0.530392 -0.090154 0.842945 2.321600 0.000000 0.000000 0.000000 1.000000
0.858920 0.020918 0.511682 0.000000 -0.079488 0.992502 0.092855 6.188500 -0.505903 -0.120427 0.854143 2.321600 0.000000 0.000000 0.000000 1.000000
0.893553 0.005191 0.448928 0.000000 -0.076349 0.987125 0.140552 6.188500 -0.442419 -0.159866 0.882445 2.321600 0.000000 0.000000 0.000000 1.000000
0.943098 0.003113 0.332499 0.000000 -0.062970 0.983534 0.169399 6.188500 -0.326497 -0.180698 0.927765 2.321600 0.000000 0.000000 0.000000 1.000000
0.982797 0.010230 0.184404 0.000000 -0.050468 0.975338 0.214869 6.188500 -0.177658 -0.220479 0.959076 2.321600 0.000000 0.000000 0.000000 1.000000
0.998399 0.054764 0.014124 0.000000 -0.056531 0.958949 0.277887 6.188500 0.001674 -0.278240 0.960510 2.321600 0.000000 0.000000 0.000000 1.000000</float_array>
        <technique_common>
          <accessor source="#mixamorig_Head-Matrix-animation-output-transform-array" count="22" stride="16">
            <param type="float4x4"/>
          </accessor>
        </technique_common>
      </source>
      <source id="mixamorig_Head-Interpolations">
        <Name_array id="mixamorig_Head-Interpolations-array" count="22">
 LINEAR LINEAR LINEAR LINEAR LINEAR LINEAR LINEAR LINEAR LINEAR LINEAR LINEAR
LINEAR LINEAR LINEAR LINEAR LINEAR LINEAR LINEAR LINEAR LINEAR LINEAR LINEAR</Name_array>
        <technique_common>
          <accessor source="#mixamorig_Head-Interpolations-array" count="22">
            <param type="name"/>
          </accessor>
        </technique_common>
      </source>
      <sampler id="mixamorig_Head-Matrix-animation-transform">
        <input semantic="INPUT" source="#mixamorig_Head-Matrix-animation-input"/>
        <input semantic="OUTPUT" source="#mixamorig_Head-Matrix-animation-output-transform"/>
        <input semantic="INTERPOLATION" source="#mixamorig_Head-Interpolations"/>
      </sampler>
      <channel source="#mixamorig_Head-Matrix-animation-transform" target="mixamorig_Head/matrix"/>
    </animation>
    <animation id="mixamorig_LeftShoulder-anim" name="mixamorig_LeftShoulder">
      <source id="mixamorig_LeftShoulder-Matrix-animation-input">
        <float_array id="mixamorig_LeftShoulder-Matrix-animation-input-array" count="22">

0.000000 0.033333 0.066667 0.100000 0.133333 0.166667 0.200000 0.233333 0.266667 0.300000 0.333333 0.366667 0.400000 0.433333 0.466667 0.500000
0.533333 0.566667 0.600000 0.633333 0.666667 0.700000</float_array>
        <technique_common>
          <accessor source="#mixamorig_LeftShoulder-Matrix-animation-input-array" count="22">
            <param name="TIME" type="float"/>
          </accessor>
        </technique_common>
      </source>
      <source id="mixamorig_LeftShoulder-Matrix-animation-output-transform">
        <float_array id="mixamorig_LeftShoulder-Matrix-animation-output-transform-array" count="352">

0.045862 0.895439 -0.442816 7.985300 0.014018 -0.443816 -0.896008 14.403600 -0.998849 0.034886 -0.032907 -0.124400 0.000000 0.000000 0.000000 1.000000
0.046188 0.904968 -0.422966 7.985300 0.013587 -0.423948 -0.905585 14.403600 -0.998840 0.036080 -0.031877 -0.124400 0.000000 0.000000 0.000000 1.000000
0.002621 0.922124 -0.386885 7.985300 0.012307 -0.386887 -0.922045 14.403600 -0.999921 -0.002345 -0.012363 -0.124400 0.000000 0.000000 0.000000 1.000000
-0.037115 0.939285 -0.341124 7.985300 0.008847 -0.341037 -0.940008 14.403600 -0.999272 -0.037906 0.004348 -0.124400 0.000000 0.000000 0.000000 1.000000
-0.029165 0.960258 -0.277588 7.985300 0.005419 -0.277550 -0.960696 14.403600 -0.999560 -0.029523 0.002891 -0.124400 0.000000 0.000000 0.000000 1.000000
-0.021940 0.969084 -0.245755 7.985300 0.002218 -0.245766 -0.969327 14.403600 -0.999757 -0.021812 0.003243 -0.124400 0.000000 0.000000 0.000000 1.000000
-0.028664 0.970670 -0.238702 7.985300 0.000018 -0.238799 -0.971069 14.403600 -0.999589 -0.027840 0.006827 -0.124400 0.000000 0.000000 0.000000 1.000000
-0.007183 0.964797 -0.262896 7.985300 0.006282 -0.262854 -0.964815 14.403600 -0.999954 -0.008581 -0.004173 -0.124400 0.000000 0.000000 0.000000 1.000000
0.045817 0.935873 -0.349345 7.985300 0.012082 -0.350206 -0.936595 14.403600 -0.998877 0.038691 -0.027353 -0.124400 0.000000 0.000000 0.000000 1.000000
0.111124 0.882671 -0.456666 7.985300 0.012384 -0.460706 -0.887466 14.403600 -0.993729 0.092964 -0.062127 -0.124400 0.000000 0.000000 0.000000 1.000000
0.126064 0.864792 -0.486048 7.985300 0.011161 -0.491162 -0.870996 14.403600 -0.991959 0.104376 -0.071570 -0.124400 0.000000 0.000000 0.000000 1.000000
0.137975 0.867861 -0.477263 7.985300 0.010920 -0.483175 -0.875456 14.403600 -0.990376 0.115579 -0.076143 -0.124400 0.000000 0.000000 0.000000 1.000000
0.164831 0.895721 -0.412935 7.985300 0.012465 -0.420520 -0.907198 14.403600 -0.986243 0.144387 -0.080480 -0.124400 0.000000 0.000000 0.000000 1.000000
0.138841 0.919061 -0.368849 7.985300 0.014106 -0.374254 -0.927219 14.403600 -0.990214 0.123533 -0.064926 -0.124400 0.000000 0.000000 0.000000 1.000000
0.096374 0.932199 -0.348880 7.985300 0.013606 -0.351713 -0.936009 14.403600 -0.995252 0.085460 -0.046579 -0.124400 0.000000 0.000000 0.000000 1.000000
0.073071 0.942193 -0.327006 7.985300 0.012821 -0.328743 -0.944333 14.403600 -0.997244 0.064811 -0.036101 -0.124400 0.000000 0.000000 0.000000 1.000000
0.063286 0.949082 -0.308606 7.985300 0.012222 -0.309939 -0.950678 14.403600 -0.997921 0.056392 -0.031214 -0.124400 0.000000 0.000000 0.000000 1.000000
0.064956 0.948493 -0.310067 7.985300 0.012334 -0.311463 -0.950178 14.403600 -0.997812 0.057896 -0.031931 -0.124400 0.000000 0.000000 0.000000 1.000000
0.060647 0.936171 -0.346275 7.985300 0.012572 -0.347603 -0.937558 14.403600 -0.998080 0.052507 -0.032851 -0.124400 0.000000 0.000000 0.000000 1.000000
0.062426 0.914146 -0.400549 7.985300 0.013247 -0.402055 -0.915520 14.403600 -0.997962 0.051846 -0.037208 -0.124400 0.000000 0.000000 0.000000 1.000000
0.042491 0.906573 -0.419904 7.985300 0.013596 -0.420770 -0.907066 14.403600 -0.999004 0.032833 -0.030205 -0.124400 0.000000 0.000000 0.000000 1.000000
0.045862 0.895438 -0.442817 7.985300 0.014018 -0.443816 -0.896008 14.403600 -0.998849 0.034886 -0.032907 -0.124400 0.000000 0.000000 0.000000 1.000000</float_array>
        <technique_common>
          <accessor source="#mixamorig_LeftShoulder-Matrix-animation-output-transform-array" count="22" stride="16">
            <param type="float4x4"/>
          </accessor>
        </technique_common>
      </source>
      <source id="mixamorig_LeftShoulder-Interpolations">
        <Name_array id="mixamorig_LeftShoulder-Interpolations-array" count="22">
 LINEAR LINEAR LINEAR LINEAR LINEAR LINEAR LINEAR LINEAR LINEAR LINEAR LINEAR
LINEAR LINEAR LINEAR LINEAR LINEAR LINEAR LINEAR LINEAR LINEAR LINEAR LINEAR</Name_array>
        <technique_common>
          <accessor source="#mixamorig_LeftShoulder-Interpolations-array" count="22">
            <param type="name"/>
          </accessor>
        </technique_common>
      </source>
      <sampler id="mixamorig_LeftShoulder-Matrix-animation-transform">
        <input semantic="INPUT" source="#mixamorig_LeftShoulder-Matrix-animation-input"/>
        <input semantic="OUTPUT" source="#mixamorig_LeftShoulder-Matrix-animation-output-transform"/>
        <input semantic="INTERPOLATION" source="#mixamorig_LeftShoulder-Interpolations"/>
      </sampler>
      <channel source="#mixamorig_LeftShoulder-Matrix-animation-transform" target="mixamorig_LeftShoulder/matrix"/>
    </animation>
    <animation id="mixamorig_LeftArm-anim" name="mixamorig_LeftArm">
      <source id="mixamorig_LeftArm-Matrix-animation-input">
        <float_array id="mixamorig_LeftArm-Matrix-animation-input-array" count="22">

0.000000 0.033333 0.066667 0.100000 0.133333 0.166667 0.200000 0.233333 0.266667 0.300000 0.333333 0.366667 0.400000 0.433333 0.466667 0.500000
0.533333 0.566667 0.600000 0.633333 0.666667 0.700000</float_array>
        <technique_common>
          <accessor source="#mixamorig_LeftArm-Matrix-animation-input-array" count="22">
            <param name="TIME" type="float"/>
          </accessor>
        </technique_common>
      </source>
      <source id="mixamorig_LeftArm-Matrix-animation-output-transform">
        <float_array id="mixamorig_LeftArm-Matrix-animation-output-transform-array" count="352">

0.959675 0.205420 0.191903 -0.000000 -0.023706 0.739363 -0.672889 16.443399 -0.280111 0.641206 0.714418 0.000000 0.000000 0.000000 0.000000 1.000000
0.932782 0.286154 0.219165 0.000000 -0.079113 0.755762 -0.650050 16.443399 -0.351651 0.589016 0.727600 0.000000 0.000000 0.000000 0.000000 1.000000
0.867361 0.381373 0.319751 0.000000 -0.107522 0.770906 -0.627807 16.443399 -0.485927 0.510155 0.709660 0.000000 0.000000 0.000000 0.000000 1.000000
0.797300 0.437367 0.415961 0.000000 -0.124889 0.793779 -0.595245 16.443399 -0.590521 0.422640 0.687503 0.000000 0.000000 0.000000 0.000000 1.000000
0.719924 0.487756 0.493764 0.000000 -0.123421 0.790053 -0.600486 16.443399 -0.682991 0.371364 0.628978 -0.000000 0.000000 0.000000 0.000000 1.000000
0.663493 0.536701 0.521277 0.000000 -0.141021 0.773945 -0.617351 16.443399 -0.734772 0.336097 0.589193 -0.000000 0.000000 0.000000 0.000000 1.000000
0.652776 0.585992 0.480101 0.000000 -0.179484 0.735344 -0.653495 16.443399 -0.735982 0.340415 0.585190 0.000000 0.000000 0.000000 0.000000 1.000000
0.692817 0.609688 0.385077 -0.000000 -0.218567 0.686427 -0.693575 16.443399 -0.687192 0.396355 0.608827 0.000000 0.000000 0.000000 0.000000 1.000000
0.791477 0.553176 0.259924 -0.000000 -0.260028 0.689622 -0.675875 16.443399 -0.553127 0.467352 0.689661 -0.000000 0.000000 0.000000 0.000000 1.000000
