<?xml version="1.0" encoding="utf-8"?>
<COLLADA xmlns="http://www.collada.org/2005/11/COLLADASchema" version="1.4.1">
  <asset>
    <contributor>
      <author>Mixamo</author>
      <authoring_tool>COLLADA Mixamo exporter</authoring_tool>
      <comments/>
    </contributor>
    <created>2024-04-09T21:28:58Z</created>
    <modified>2024-04-09T21:28:58Z</modified>
    <revision/>
    <title/>
    <unit meter="0.010000"/>
    <up_axis>Y_UP</up_axis>
  </asset>
  <library_animations>
    <animation id="mixamorig_Hips-anim" name="mixamorig_Hips">
      <source id="mixamorig_Hips-Matrix-animation-input">
        <float_array id="mixamorig_Hips-Matrix-animation-input-array" count="37">

0.000000 0.033333 0.066667 0.100000 0.133333 0.166667 0.200000 0.233333 0.266667 0.300000 0.333333 0.366667 0.400000 0.433333 0.466667 0.500000
0.533333 0.566667 0.600000 0.633333 0.666667 0.700000 0.733333 0.766667 0.800000 0.833333 0.866667 0.900000 0.933333 0.966667 1.000000 1.033333
1.066667 1.100000 1.133333 1.166667 1.200000</float_array>
        <technique_common>
          <accessor source="#mixamorig_Hips-Matrix-animation-input-array" count="37">
            <param name="TIME" type="float"/>
          </accessor>
        </technique_common>
      </source>
      <source id="mixamorig_Hips-Matrix-animation-output-transform">
        <float_array id="mixamorig_Hips-Matrix-animation-output-transform-array" count="592">

0.999476 -0.010875 0.030495 0.057750 0.006934 0.991945 0.126482 99.615501 -0.031625 -0.126204 0.991500 -0.983138 0.000000 0.000000 0.000000 1.000000
0.998419 -0.015327 0.054076 -0.157630 0.007651 0.990208 0.139393 99.274338 -0.055683 -0.138759 0.988760 0.007722 0.000000 0.000000 0.000000 1.000000
0.996878 -0.012003 0.078041 -0.302511 0.000025 0.988427 0.151698 98.553589 -0.078958 -0.151223 0.985341 0.900878 0.000000 0.000000 0.000000 1.000000
0.994935 -0.005007 0.100392 -0.369271 -0.011511 0.986513 0.163280 97.669472 -0.099855 -0.163609 0.981459 1.728150 0.000000 0.000000 0.000000 1.000000
0.992821 -0.000316 0.119608 -0.360972 -0.020734 0.984403 0.174704 96.904366 -0.117798 -0.175930 0.977329 2.480684 0.000000 0.000000 0.000000 1.000000
0.990461 -0.000658 0.137788 -0.257891 -0.025096 0.982401 0.185089 96.284996 -0.135485 -0.186781 0.973014 3.020207 0.000000 0.000000 0.000000 1.000000
0.987353 -0.006014 0.158422 -0.013020 -0.024548 0.981428 0.190252 95.732933 -0.156624 -0.191734 0.968869 3.058315 0.000000 0.000000 0.000000 1.000000
0.983434 -0.014738 0.180665 0.399384 -0.019556 0.982246 0.186578 95.367523 -0.180207 -0.187020 0.965686 2.397245 0.000000 0.000000 0.000000 1.000000
0.979507 -0.025343 0.199807 0.968070 -0.010234 0.984508 0.175043 95.199181 -0.201148 -0.173501 0.964073 1.079806 0.000000 0.000000 0.000000 1.000000
0.976174 -0.041732 0.212939 1.593510 0.006683 0.986648 0.162728 95.067825 -0.216887 -0.157427 0.963419 -0.627861 0.000000 0.000000 0.000000 1.000000
0.973639 -0.069662 0.217195 2.129021 0.035565 0.986940 0.157116 94.818245 -0.225303 -0.145250 0.963401 -2.248027 0.000000 0.000000 0.000000 1.000000
0.972312 -0.097017 0.212596 2.618378 0.064916 0.986077 0.153095 94.484489 -0.224489 -0.135056 0.965072 -3.618311 0.000000 0.000000 0.000000 1.000000
0.973755 -0.106767 0.201003 3.124549 0.078762 0.986653 0.142522 94.570206 -0.213536 -0.122950 0.969167 -4.757116 0.000000 0.000000 0.000000 1.000000
0.980952 -0.086806 0.173777 3.763120 0.064053 0.989109 0.132514 95.582863 -0.183387 -0.118859 0.975829 -5.518076 0.000000 0.000000 0.000000 1.000000
0.990900 -0.040616 0.128327 4.524618 0.023529 0.990975 0.131966 97.320122 -0.132529 -0.127746 0.982913 -5.756807 0.000000 0.000000 0.000000 1.000000
0.996442 0.000041 0.084281 5.087436 -0.011561 0.990614 0.136202 98.997299 -0.083484 -0.136692 0.987090 -5.427976 0.000000 0.000000 0.000000 1.000000
0.998360 0.024839 0.051585 5.358270 -0.031870 0.989597 0.140293 100.104874 -0.047564 -0.141707 0.988765 -4.729971 0.000000 0.000000 0.000000 1.000000
0.998661 0.045599 0.024427 5.495499 -0.048705 0.987929 0.147053 100.623520 -0.017426 -0.148046 0.988827 -3.860794 0.000000 0.000000 0.000000 1.000000
0.998064 0.062186 0.000531 5.548357 -0.061514 0.985958 0.155249 100.692818 0.009131 -0.154981 0.987875 -2.930163 0.000000 0.000000 0.000000 1.000000
0.997377 0.069848 -0.018992 5.497547 -0.065863 0.984563 0.162169 100.369728 0.030026 -0.160492 0.986580 -1.993261 0.000000 0.000000 0.000000 1.000000
0.997100 0.068049 -0.034083 5.387247 -0.061377 0.983772 0.168600 99.740143 0.045003 -0.166020 0.985095 -1.044071 0.000000 0.000000 0.000000 1.000000
0.997095 0.060523 -0.046240 5.272260 -0.051593 0.983303 0.174509 98.999741 0.056030 -0.171616 0.983569 -0.092742 0.000000 0.000000 0.000000 1.000000
0.996863 0.051429 -0.060157 5.150527 -0.039959 0.983155 0.178351 98.222191 0.068316 -0.175388 0.982126 0.747360 0.000000 0.000000 0.000000 1.000000
0.995846 0.044135 -0.079644 5.006965 -0.029404 0.983689 0.177458 97.336945 0.086177 -0.174379 0.980900 1.276185 0.000000 0.000000 0.000000 1.000000
0.993912 0.041499 -0.102066 4.804165 -0.023562 0.984982 0.171042 96.460815 0.107632 -0.167595 0.979963 1.410281 0.000000 0.000000 0.000000 1.000000
0.991561 0.046299 -0.121094 4.543416 -0.026221 0.986373 0.162422 95.820297 0.126964 -0.157876 0.979263 1.219392 0.000000 0.000000 0.000000 1.000000
0.989385 0.061078 -0.131858 4.279210 -0.040841 0.987681 0.151058 95.359344 0.139460 -0.144070 0.979691 0.655588 0.000000 0.000000 0.000000 1.000000
0.986660 0.087317 -0.137398 4.004779 -0.068684 0.988468 0.134954 94.892494 0.147597 -0.123716 0.981279 -0.416848 0.000000 0.000000 0.000000 1.000000
0.982087 0.121664 -0.143883 3.680701 -0.104880 0.987339 0.119002 94.513489 0.156540 -0.101779 0.982413 -1.790147 0.000000 0.000000 0.000000 1.000000
0.976847 0.153673 -0.148843 3.326924 -0.138940 0.984736 0.104839 94.230309 0.162682 -0.081731 0.983288 -3.097270 0.000000 0.000000 0.000000 1.000000
0.974892 0.168519 -0.145556 2.959339 -0.156385 0.983476 0.091203 94.370712 0.158520 -0.066150 0.985137 -4.239109 0.000000 0.000000 0.000000 1.000000
0.979065 0.158241 -0.128031 2.549540 -0.148255 0.985363 0.084142 95.230164 0.139472 -0.063399 0.988194 -4.963967 0.000000 0.000000 0.000000 1.000000
0.986340 0.131076 -0.099762 2.038065 -0.122790 0.988776 0.085120 96.403740 0.109799 -0.071708 0.991364 -4.938287 0.000000 0.000000 0.000000 1.000000
0.993058 0.096679 -0.067006 1.480399 -0.090436 0.991767 0.090659 97.501381 0.075219 -0.083970 0.993625 -4.262113 0.000000 0.000000 0.000000 1.000000
0.997764 0.058394 -0.032522 0.966370 -0.054884 0.993474 0.099985 98.527931 0.038149 -0.097976 0.994457 -3.275689 0.000000 0.000000 0.000000 1.000000
0.999772 0.021335 0.000790 0.500272 -0.021289 0.993422 0.112511 99.315018 0.001615 -0.112502 0.993650 -2.144226 0.000000 0.000000 0.000000 1.000000
0.999476 -0.010875 0.030495 0.057750 0.006934 0.991945 0.126482 99.615501 -0.031625 -0.126204 0.991500 -0.983137 0.000000 0.000000 0.000000 1.000000</float_array>
        <technique_common>
          <accessor source="#mixamorig_Hips-Matrix-animation-output-transform-array" count="37" stride="16">
            <param type="float4x4"/>
          </accessor>
        </technique_common>
      </source>
      <source id="mixamorig_Hips-Interpolations">
        <Name_array id="mixamorig_Hips-Interpolations-array" count="37">
 LINEAR LINEAR LINEAR LINEAR LINEAR LINEAR LINEAR LINEAR LINEAR LINEAR LINEAR
LINEAR LINEAR LINEAR LINEAR LINEAR LINEAR LINEAR LINEAR LINEAR LINEAR LINEAR LINEAR
LINEAR LINEAR LINEAR LINEAR LINEAR LINEAR LINEAR LINEAR LINEAR LINEAR LINEAR LINEAR
LINEAR LINEAR</Name_array>
        <technique_common>
          <accessor source="#mixamorig_Hips-Interpolations-array" count="37">
            <param type="name"/>
          </accessor>
        </technique_common>
      </source>
      <sampler id="mixamorig_Hips-Matrix-animation-transform">
        <input semantic="INPUT" source="#mixamorig_Hips-Matrix-animation-input"/>
        <input semantic="OUTPUT" source="#mixamorig_Hips-Matrix-animation-output-transform"/>
        <input semantic="INTERPOLATION" source="#mixamorig_Hips-Interpolations"/>
      </sampler>
      <channel source="#mixamorig_Hips-Matrix-animation-transform" target="mixamorig_Hips/matrix"/>
    </animation>
    <animation id="mixamorig_Spine-anim" name="mixamorig_Spine">
      <source id="mixamorig_Spine-Matrix-animation-input">
        <float_array id="mixamorig_Spine-Matrix-animation-input-array" count="37">

0.000000 0.033333 0.066667 0.100000 0.133333 0.166667 0.200000 0.233333 0.266667 0.300000 0.333333 0.366667 0.400000 0.433333 0.466667 0.500000
0.533333 0.566667 0.600000 0.633333 0.666667 0.700000 0.733333 0.766667 0.800000 0.833333 0.866667 0.900000 0.933333 0.966667 1.000000 1.033333
1.066667 1.100000 1.133333 1.166667 1.200000</float_array>
        <technique_common>
          <accessor source="#mixamorig_Spine-Matrix-animation-input-array" count="37">
            <param name="TIME" type="float"/>
          </accessor>
        </technique_common>
      </source>
      <source id="mixamorig_Spine-Matrix-animation-output-transform">
        <float_array id="mixamorig_Spine-Matrix-animation-output-transform-array" count="592">

0.996582 -0.006709 0.082338 0.000000 0.020658 0.985270 -0.169752 10.997300 -0.079987 0.170873 0.982041 -0.803100 0.000000 0.000000 0.000000 1.000000
0.998040 -0.013356 0.061143 0.000000 0.022884 0.987191 -0.157895 10.997300 -0.058251 0.158985 0.985561 -0.803100 0.000000 0.000000 0.000000 1.000000
0.999146 -0.028644 0.029792 -0.000000 0.032691 0.988790 -0.145688 10.997300 -0.025285 0.146538 0.988882 -0.803100 0.000000 0.000000 0.000000 1.000000
0.999070 -0.042506 -0.007190 -0.000000 0.041153 0.990042 -0.134624 10.997300 0.012841 0.134203 0.990871 -0.803100 0.000000 0.000000 0.000000 1.000000
0.997674 -0.050830 -0.045416 0.000000 0.044687 0.990857 -0.127303 10.997300 0.051471 0.124978 0.990824 -0.803100 0.000000 0.000000 0.000000 1.000000
0.994685 -0.049532 -0.090263 0.000000 0.038210 0.991657 -0.123109 10.997300 0.095608 0.119005 0.988280 -0.803100 0.000000 0.000000 0.000000 1.000000
0.990568 -0.042973 -0.130111 0.000000 0.026671 0.991857 -0.124534 10.997300 0.134404 0.119889 0.983647 -0.803100 0.000000 0.000000 0.000000 1.000000
0.987003 -0.033845 -0.157098 0.000000 0.012720 0.990957 -0.133575 10.997300 0.160198 0.129840 0.978508 -0.803100 0.000000 0.000000 0.000000 1.000000
0.984301 -0.022987 -0.174992 0.000000 -0.002618 0.989471 -0.144705 10.997300 0.176476 0.142892 0.973878 -0.803100 0.000000 0.000000 0.000000 1.000000
0.982616 -0.011683 -0.185284 0.000000 -0.018854 0.986579 -0.162193 10.997300 0.184692 0.162867 0.969207 -0.803100 0.000000 0.000000 0.000000 1.000000
0.980071 0.026038 -0.196935 -0.000000 -0.062194 0.981751 -0.179712 10.997300 0.188662 0.188379 0.963805 -0.803100 0.000000 0.000000 0.000000 1.000000
0.977472 0.059613 -0.202469 0.000000 -0.100192 0.975367 -0.196521 10.997300 0.185767 0.212379 0.959367 -0.803100 0.000000 0.000000 0.000000 1.000000
0.974729 0.082674 -0.207527 0.000000 -0.125091 0.971688 -0.200436 10.997300 0.185081 0.221330 0.957475 -0.803100 0.000000 0.000000 0.000000 1.000000
0.978315 0.071595 -0.194357 -0.000000 -0.112567 0.971467 -0.208760 10.997300 0.173866 0.226112 0.958459 -0.803100 0.000000 0.000000 0.000000 1.000000
0.989366 0.023005 -0.143614 0.000000 -0.055780 0.971925 -0.228585 10.997300 0.134323 0.234165 0.962873 -0.803100 0.000000 0.000000 0.000000 1.000000
0.994636 -0.008887 -0.103057 -0.000000 -0.015368 0.972550 -0.232187 10.997300 0.102291 0.232525 0.967196 -0.803100 0.000000 0.000000 0.000000 1.000000
0.997042 -0.023234 -0.073258 0.000000 0.006050 0.973978 -0.226560 10.997300 0.076616 0.225447 0.971238 -0.803100 0.000000 0.000000 0.000000 1.000000
0.998708 -0.030918 -0.040334 -0.000000 0.021479 0.976077 -0.216363 10.997300 0.046059 0.215217 0.975479 -0.803100 0.000000 0.000000 0.000000 1.000000
0.999339 -0.034728 -0.010728 -0.000000 0.031771 0.977977 -0.206279 10.997300 0.017655 0.205802 0.978434 -0.803100 0.000000 0.000000 0.000000 1.000000
0.999388 -0.029358 0.018995 0.000000 0.032472 0.980717 -0.192715 10.997300 -0.012971 0.193213 0.981071 -0.803100 0.000000 0.000000 0.000000 1.000000
0.998743 -0.016340 0.047396 0.000000 0.024632 0.983351 -0.180040 10.997300 -0.043665 0.180981 0.982517 -0.803100 0.000000 0.000000 0.000000 1.000000
0.996811 -0.001958 0.079780 0.000000 0.015275 0.985896 -0.166658 10.997300 -0.078328 0.167345 0.982782 -0.803100 0.000000 0.000000 0.000000 1.000000
0.992883 0.011781 0.118507 -0.000000 0.006464 0.988297 -0.152405 10.997300 -0.118915 0.152086 0.981188 -0.803100 0.000000 0.000000 0.000000 1.000000
0.986139 0.022899 0.164333 -0.000000 0.000566 0.989961 -0.141339 10.997300 -0.165920 0.139473 0.976226 -0.803100 0.000000 0.000000 0.000000 1.000000
0.976930 0.029242 0.211548 0.000000 -0.000686 0.991005 -0.133820 10.997300 -0.213559 0.130588 0.968163 -0.803100 0.000000 0.000000 0.000000 1.000000
0.969369 0.026835 0.244139 0.000000 0.006103 0.991075 -0.133169 10.997300 -0.245534 0.130580 0.960553 -0.803100 0.000000 0.000000 0.000000 1.000000
0.962653 0.009099 0.270584 -0.000000 0.027851 0.990805 -0.132402 10.997300 -0.269301 0.134993 0.953548 -0.803100 0.000000 0.000000 0.000000 1.000000
0.957252 -0.024702 0.288200 -0.000000 0.066188 0.988618 -0.135105 10.997300 -0.281582 0.148405 0.947991 -0.803100 0.000000 0.000000 0.000000 1.000000
0.950380 -0.069213 0.303296 -0.000000 0.115879 0.983537 -0.138664 10.997300 -0.288705 0.166929 0.942753 -0.803100 0.000000 0.000000 0.000000 1.000000
0.944566 -0.110973 0.309000 0.000000 0.160889 0.976850 -0.140991 10.997300 -0.286200 0.182890 0.940554 -0.803100 0.000000 0.000000 0.000000 1.000000
0.938394 -0.144965 0.313692 0.000000 0.196476 0.970574 -0.139222 10.997300 -0.284279 0.192278 0.939263 -0.803100 0.000000 0.000000 0.000000 1.000000
0.945653 -0.139642 0.293667 0.000000 0.191338 0.969161 -0.155292 10.997300 -0.262925 0.203042 0.943209 -0.803100 0.000000 0.000000 0.000000 1.000000
0.962911 -0.111737 0.245598 0.000000 0.156535 0.972726 -0.171174 10.997300 -0.219773 0.203269 0.954139 -0.803100 0.000000 0.000000 0.000000 1.000000
0.976660 -0.078311 0.200007 0.000000 0.114380 0.977778 -0.175690 10.997300 -0.181804 0.194466 0.963914 -0.803100 0.000000 0.000000 0.000000 1.000000
0.985169 -0.051606 0.163645 -0.000000 0.080328 0.981449 -0.174085 10.997300 -0.151626 0.184648 0.971038 -0.803100 0.000000 0.000000 0.000000 1.000000
0.992127 -0.026504 0.122396 0.000000 0.047546 0.983888 -0.172346 10.997300 -0.115856 0.176808 0.977403 -0.803100 0.000000 0.000000 0.000000 1.000000
0.996582 -0.006709 0.082338 0.000000 0.020658 0.985270 -0.169752 10.997300 -0.079987 0.170872 0.982041 -0.803100 0.000000 0.000000 0.000000 1.000000</float_array>
        <technique_common>
          <accessor source="#mixamorig_Spine-Matrix-animation-output-transform-array" count="37" stride="16">
            <param type="float4x4"/>
          </accessor>
        </technique_common>
      </source>
      <source id="mixamorig_Spine-Interpolations">
        <Name_array id="mixamorig_Spine-Interpolations-array" count="37">
 LINEAR LINEAR LINEAR LINEAR LINEAR LINEAR LINEAR LINEAR LINEAR LINEAR LINEAR
LINEAR LINEAR LINEAR LINEAR LINEAR LINEAR LINEAR LINEAR LINEAR LINEAR LINEAR LINEAR
LINEAR LINEAR LINEAR LINEAR LINEAR LINEAR LINEAR LINEAR LINEAR LINEAR LINEAR LINEAR
LINEAR LINEAR</Name_array>
        <technique_common>
          <accessor source="#mixamorig_Spine-Interpolations-array" count="37">
            <param type="name"/>
          </accessor>
        </technique_common>
      </source>
      <sampler id="mixamorig_Spine-Matrix-animation-transform">
        <input semantic="INPUT" source="#mixamorig_Spine-Matrix-animation-input"/>
        <input semantic="OUTPUT" source="#mixamorig_Spine-Matrix-animation-output-transform"/>
        <input semantic="INTERPOLATION" source="#mixamorig_Spine-Interpolations"/>
      </sampler>
      <channel source="#mixamorig_Spine-Matrix-animation-transform" target="mixamorig_Spine/matrix"/>
    </animation>
    <animation id="mixamorig_Spine1-anim" name="mixamorig_Spine1">
      <source id="mixamorig_Spine1-Matrix-animation-input">
        <float_array id="mixamorig_Spine1-Matrix-animation-input-array" count="37">

0.000000 0.033333 0.066667 0.100000 0.133333 0.166667 0.200000 0.233333 0.266667 0.300000 0.333333 0.366667 0.400000 0.433333 0.466667 0.500000
0.533333 0.566667 0.600000 0.633333 0.666667 0.700000 0.733333 0.766667 0.800000 0.833333 0.866667 0.900000 0.933333 0.966667 1.000000 1.033333
1.066667 1.100000 1.133333 1.166667 1.200000</float_array>
        <technique_common>
          <accessor source="#mixamorig_Spine1-Matrix-animation-input-array" count="37">
            <param name="TIME" type="float"/>
          </accessor>
        </technique_common>
      </source>
      <source id="mixamorig_Spine1-Matrix-animation-output-transform">
        <float_array id="mixamorig_Spine1-Matrix-animation-output-transform-array" count="592">

0.999582 0.007772 0.027859 -0.000000 -0.003867 0.990482 -0.137588 12.864400 -0.028663 0.137423 0.990098 0.000000 0.000000 0.000000 0.000000 1.000000
0.999719 0.006696 0.022721 0.000000 -0.003527 0.990600 -0.136748 12.864400 -0.023423 0.136629 0.990345 -0.000000 0.000000 0.000000 0.000000 1.000000
0.999875 0.003888 0.015316 0.000000 -0.001761 0.990635 -0.136526 12.864400 -0.015703 0.136482 0.990518 0.000000 0.000000 0.000000 0.000000 1.000000
0.999976 0.001434 0.006833 0.000000 -0.000488 0.990641 -0.136492 12.864400 -0.006964 0.136486 0.990618 0.000000 0.000000 0.000000 0.000000 1.000000
0.999999 -0.000423 -0.001440 0.000000 0.000222 0.990553 -0.137131 12.864400 0.001484 0.137130 0.990552 0.000000 0.000000 0.000000 0.000000 1.000000
0.999942 -0.001213 -0.010743 0.000000 -0.000283 0.990402 -0.138218 12.864400 0.010807 0.138213 0.990344 0.000000 0.000000 0.000000 0.000000 1.000000
0.999816 -0.001337 -0.019123 0.000000 -0.001342 0.990238 -0.139381 12.864400 0.019122 0.139381 0.990054 0.000000 0.000000 0.000000 0.000000 1.000000
0.999691 -0.000422 -0.024850 0.000000 -0.003066 0.990123 -0.140166 12.864400 0.024664 0.140199 0.989816 -0.000000 0.000000 0.000000 0.000000 1.000000
0.999602 0.000365 -0.028210 0.000000 -0.004300 0.990205 -0.139558 12.864400 0.027882 0.139624 0.989812 -0.000000 0.000000 0.000000 0.000000 1.000000
0.999584 -0.001625 -0.028781 0.000000 -0.002382 0.990340 -0.138641 12.864400 0.028728 0.138652 0.989924 0.000000 0.000000 0.000000 0.000000 1.000000
0.999631 -0.007090 -0.026228 0.000000 0.003321 0.989999 -0.141036 12.864400 0.026965 0.140896 0.989657 0.000000 0.000000 0.000000 0.000000 1.000000
0.999701 -0.010628 -0.022005 0.000000 0.007372 0.989683 -0.143088 12.864400 0.023299 0.142883 0.989465 0.000000 0.000000 0.000000 0.000000 1.000000
0.999746 -0.013033 -0.018409 -0.000000 0.010270 0.989681 -0.142923 12.864400 0.020082 0.142697 0.989563 -0.000000 0.000000 0.000000 0.000000 1.000000
0.999785 -0.013573 -0.015672 -0.000000 0.011205 0.989750 -0.142369 12.864400 0.017443 0.142163 0.989690 0.000000 0.000000 0.000000 0.000000 1.000000
0.999888 -0.010250 -0.010897 -0.000000 0.008595 0.989779 -0.142353 12.864400 0.012244 0.142243 0.989756 0.000000 0.000000 0.000000 0.000000 1.000000
0.999955 -0.007319 -0.006033 0.000000 0.006387 0.989817 -0.142199 12.864400 0.007013 0.142154 0.989820 0.000000 0.000000 0.000000 0.000000 1.000000
0.999972 -0.007511 -0.000505 -0.000000 0.007364 0.989935 -0.141333 12.864400 0.001562 0.141325 0.989962 0.000000 0.000000 0.000000 0.000000 1.000000
0.999952 -0.007604 0.006221 0.000000 0.008400 0.990121 -0.139966 12.864400 -0.005095 0.140011 0.990137 0.000000 0.000000 0.000000 0.000000 1.000000
0.999883 -0.008610 0.012644 -0.000000 0.010288 0.990195 -0.139313 12.864400 -0.011321 0.139427 0.990168 0.000000 0.000000 0.000000 0.000000 1.000000
0.999775 -0.008411 0.019480 0.000000 0.011020 0.990374 -0.137978 12.864400 -0.018132 0.138162 0.990244 0.000000 0.000000 0.000000 0.000000 1.000000
0.999633 -0.006780 0.026210 0.000000 0.010334 0.990389 -0.137923 12.864400 -0.025023 0.138143 0.990096 0.000000 0.000000 0.000000 0.000000 1.000000
0.999424 -0.004205 0.033675 -0.000000 0.008831 0.990333 -0.138427 12.864400 -0.032768 0.138645 0.989800 0.000000 0.000000 0.000000 0.000000 1.000000
0.999111 -0.000900 0.042143 0.000000 0.006721 0.990385 -0.138174 12.864400 -0.041613 0.138335 0.989511 0.000000 0.000000 0.000000 0.000000 1.000000
0.998641 0.001934 0.052076 -0.000000 0.005213 0.990592 -0.136748 12.864400 -0.051851 0.136834 0.989236 0.000000 0.000000 0.000000 0.000000 1.000000
0.998065 0.003320 0.062097 0.000000 0.005035 0.990982 -0.133902 12.864400 -0.061981 0.133956 0.989047 -0.000000 0.000000 0.000000 0.000000 1.000000
0.997610 0.004702 0.068941 -0.000000 0.004462 0.991217 -0.132171 12.864400 -0.068957 0.132162 0.988827 -0.000000 0.000000 0.000000 0.000000 1.000000
0.997218 0.004913 0.074374 -0.000000 0.004907 0.991334 -0.131271 12.864400 -0.074374 0.131271 0.988553 0.000000 0.000000 0.000000 0.000000 1.000000
0.997032 0.003738 0.076902 -0.000000 0.006464 0.991230 -0.131993 12.864400 -0.076721 0.132099 0.988263 0.000000 0.000000 0.000000 0.000000 1.000000
0.997109 0.005542 0.075778 -0.000000 0.004671 0.990978 -0.133940 12.864400 -0.075837 0.133907 0.988088 0.000000 0.000000 0.000000 0.000000 1.000000
0.997390 0.007977 0.071758 0.000000 0.001682 0.991042 -0.133537 12.864400 -0.072181 0.133309 0.988442 0.000000 0.000000 0.000000 0.000000 1.000000
0.997658 0.011198 0.067472 0.000000 -0.002091 0.991038 -0.133566 12.864400 -0.068363 0.133112 0.988740 0.000000 0.000000 0.000000 0.000000 1.000000
0.998026 0.011865 0.061668 -0.000000 -0.003478 0.990926 -0.134361 12.864400 -0.062703 0.133881 0.989012 0.000000 0.000000 0.000000 0.000000 1.000000
0.998102 0.002697 0.061523 -0.000000 0.005424 0.991307 -0.131456 12.864400 -0.061343 0.131541 0.989411 0.000000 0.000000 0.000000 0.000000 1.000000
0.998224 -0.003789 0.059456 0.000000 0.011475 0.991519 -0.129456 12.864400 -0.058462 0.129908 0.989801 0.000000 0.000000 0.000000 0.000000 1.000000
0.998706 -0.000185 0.050852 0.000000 0.006879 0.991293 -0.131496 12.864400 -0.050385 0.131675 0.990012 -0.000000 0.000000 0.000000 0.000000 1.000000
0.999204 0.004073 0.039671 -0.000000 0.001296 0.990931 -0.134365 12.864400 -0.039859 0.134309 0.990138 0.000000 0.000000 0.000000 0.000000 1.000000
0.999582 0.007772 0.027859 -0.000000 -0.003867 0.990482 -0.137588 12.864400 -0.028663 0.137423 0.990098 0.000000 0.000000 0.000000 0.000000 1.000000</float_array>
        <technique_common>
          <accessor source="#mixamorig_Spine1-Matrix-animation-output-transform-array" count="37" stride="16">
            <param type="float4x4"/>
          </accessor>
        </technique_common>
      </source>
      <source id="mixamorig_Spine1-Interpolations">
        <Name_array id="mixamorig_Spine1-Interpolations-array" count="37">
 LINEAR LINEAR LINEAR LINEAR LINEAR LINEAR LINEAR LINEAR LINEAR LINEAR LINEAR
LINEAR LINEAR LINEAR LINEAR LINEAR LINEAR LINEAR LINEAR LINEAR LINEAR LINEAR LINEAR
LINEAR LINEAR LINEAR LINEAR LINEAR LINEAR LINEAR LINEAR LINEAR LINEAR LINEAR LINEAR
LINEAR LINEAR</Name_array>
        <technique_common>
          <accessor source="#mixamorig_Spine1-Interpolations-array" count="37">
            <param type="name"/>
          </accessor>
        </technique_common>
      </source>
      <sampler id="mixamorig_Spine1-Matrix-animation-transform">
        <input semantic="INPUT" source="#mixamorig_Spine1-Matrix-animation-input"/>
        <input semantic="OUTPUT" source="#mixamorig_Spine1-Matrix-animation-output-transform"/>
        <input semantic="INTERPOLATION" source="#mixamorig_Spine1-Interpolations"/>
      </sampler>
      <channel source="#mixamorig_Spine1-Matrix-animation-transform" target="mixamorig_Spine1/matrix"/>
    </animation>
    <animation id="mixamorig_Spine2-anim" name="mixamorig_Spine2">
      <source id="mixamorig_Spine2-Matrix-animation-input">
        <float_array id="mixamorig_Spine2-Matrix-animation-input-array" count="37">

0.000000 0.033333 0.066667 0.100000 0.133333 0.166667 0.200000 0.233333 0.266667 0.300000 0.333333 0.366667 0.400000 0.433333 0.466667 0.500000
0.533333 0.566667 0.600000 0.633333 0.666667 0.700000 0.733333 0.766667 0.800000 0.833333 0.866667 0.900000 0.933333 0.966667 1.000000 1.033333
1.066667 1.100000 1.133333 1.166667 1.200000</float_array>
        <technique_common>
          <accessor source="#mixamorig_Spine2-Matrix-animation-input-array" count="37">
            <param name="TIME" type="float"/>
          </accessor>
        </technique_common>
      </source>
      <source id="mixamorig_Spine2-Matrix-animation-output-transform">
        <float_array id="mixamorig_Spine2-Matrix-animation-output-transform-array" count="592">

0.999514 0.005128 0.030742 0.000000 -0.000941 0.990885 -0.134708 14.702200 -0.031152 0.134613 0.990408 -0.000000 0.000000 0.000000 0.000000 1.000000
0.999665 0.004017 0.025578 -0.000000 -0.000557 0.991002 -0.133845 14.702200 -0.025885 0.133786 0.990672 0.000000 0.000000 0.000000 0.000000 1.000000
0.999834 0.001173 0.018206 0.000000 0.001269 0.991038 -0.133577 14.702200 -0.018199 0.133578 0.990871 0.000000 0.000000 0.000000 0.000000 1.000000
0.999952 -0.001289 0.009717 0.000000 0.002575 0.991046 -0.133497 14.702200 -0.009458 0.133516 0.991002 0.000000 0.000000 0.000000 0.000000 1.000000
0.999994 -0.003129 0.001427 0.000000 0.003292 0.990963 -0.134094 14.702200 -0.000995 0.134098 0.990968 0.000000 0.000000 0.000000 0.000000 1.000000
0.999961 -0.003878 -0.007891 0.000000 0.002776 0.990820 -0.135160 14.702200 0.008343 0.135133 0.990792 -0.000000 0.000000 0.000000 0.000000 1.000000
0.999860 -0.003965 -0.016275 -0.000000 0.001709 0.990662 -0.136330 14.702200 0.016664 0.136283 0.990530 0.000000 0.000000 0.000000 0.000000 1.000000
0.999754 -0.003060 -0.021984 0.000000 0.000016 0.990551 -0.137145 14.702200 0.022196 0.137111 0.990307 0.000000 0.000000 0.000000 0.000000 1.000000
0.999681 -0.002347 -0.025166 0.000000 -0.001113 0.990623 -0.136617 14.702200 0.025251 0.136602 0.990304 0.000000 0.000000 0.000000 0.000000 1.000000
0.999668 -0.004450 -0.025376 -0.000000 0.000961 0.990729 -0.135849 14.702200 0.025745 0.135779 0.990405 -0.000000 0.000000 0.000000 0.000000 1.000000
0.999701 -0.009943 -0.022327 -0.000000 0.006757 0.990340 -0.138496 14.702200 0.023489 0.138303 0.990111 0.000000 0.000000 0.000000 0.000000 1.000000
0.999756 -0.013456 -0.017516 0.000000 0.010860 0.989992 -0.140708 14.702200 0.019235 0.140483 0.989896 -0.000000 0.000000 0.000000 0.000000 1.000000
0.999786 -0.015786 -0.013392 -0.000000 0.013747 0.989967 -0.140628 14.702200 0.015478 0.140414 0.989972 -0.000000 0.000000 0.000000 0.000000 1.000000
0.999815 -0.016269 -0.010291 0.000000 0.014669 0.990039 -0.140025 14.702200 0.012467 0.139848 0.990095 0.000000 0.000000 0.000000 0.000000 1.000000
0.999903 -0.012871 -0.005322 0.000000 0.012001 0.990112 -0.139764 14.702200 0.007068 0.139687 0.990171 0.000000 0.000000 0.000000 0.000000 1.000000
0.999952 -0.009830 -0.000336 0.000000 0.009687 0.990187 -0.139414 14.702200 0.001703 0.139404 0.990234 0.000000 0.000000 0.000000 0.000000 1.000000
0.999937 -0.009905 0.005338 0.000000 0.010548 0.990321 -0.138398 14.702200 -0.003915 0.138446 0.990362 0.000000 0.000000 0.000000 0.000000 1.000000
0.999877 -0.009887 0.012202 -0.000000 0.011464 0.990524 -0.136861 14.702200 -0.010734 0.136984 0.990515 0.000000 0.000000 0.000000 0.000000 1.000000
0.999766 -0.010803 0.018756 -0.000000 0.013256 0.990614 -0.136046 14.702200 -0.017110 0.136263 0.990525 -0.000000 0.000000 0.000000 0.000000 1.000000
0.999615 -0.010535 0.025681 0.000000 0.013899 0.990812 -0.134532 14.702200 -0.024028 0.134837 0.990576 0.000000 0.000000 0.000000 0.000000 1.000000
0.999434 -0.008853 0.032469 -0.000000 0.013140 0.990854 -0.134296 14.702200 -0.030983 0.134646 0.990409 0.000000 0.000000 0.000000 0.000000 1.000000
0.999181 -0.006238 0.039979 -0.000000 0.011571 0.990833 -0.134596 14.702200 -0.038773 0.134949 0.990094 0.000000 0.000000 0.000000 0.000000 1.000000
0.998823 -0.002920 0.048424 0.000000 0.009400 0.990920 -0.134127 14.702200 -0.047593 0.134425 0.989780 0.000000 0.000000 0.000000 0.000000 1.000000
0.998298 -0.000061 0.058324 0.000000 0.007799 0.991159 -0.132449 14.702200 -0.057800 0.132678 0.989472 0.000000 0.000000 0.000000 0.000000 1.000000
0.997666 0.001384 0.068272 -0.000000 0.007477 0.991570 -0.129360 14.702200 -0.067876 0.129568 0.989245 -0.000000 0.000000 0.000000 0.000000 1.000000
0.997180 0.002809 0.074999 -0.000000 0.006799 0.991811 -0.127537 14.702200 -0.074743 0.127687 0.988994 -0.000000 0.000000 0.000000 0.000000 1.000000
0.996768 0.003076 0.080272 -0.000000 0.007141 0.991917 -0.126689 14.702200 -0.080012 0.126853 0.988689 -0.000000 0.000000 0.000000 0.000000 1.000000
0.996574 0.001965 0.082682 0.000000 0.008629 0.991792 -0.127570 14.702200 -0.082254 0.127847 0.988377 0.000000 0.000000 0.000000 0.000000 1.000000
0.996685 0.003806 0.081270 -0.000000 0.006810 0.991497 -0.129951 14.702200 -0.081074 0.130074 0.988184 0.000000 0.000000 0.000000 0.000000 1.000000
0.997035 0.006492 0.076681 0.000000 0.003550 0.991494 -0.130106 14.702200 -0.076873 0.129992 0.988530 0.000000 0.000000 0.000000 0.000000 1.000000
0.997376 0.009789 0.071738 0.000000 -0.000335 0.991432 -0.130623 14.702200 -0.072402 0.130256 0.988833 0.000000 0.000000 0.000000 0.000000 1.000000
0.997805 0.010257 0.065428 0.000000 -0.001557 0.991294 -0.131657 14.702200 -0.066209 0.131266 0.989134 0.000000 0.000000 0.000000 0.000000 1.000000
0.997832 0.002266 0.065766 0.000000 0.006198 0.991727 -0.128218 14.702200 -0.065513 0.128348 0.989563 0.000000 0.000000 0.000000 0.000000 1.000000
0.997942 -0.003654 0.064025 0.000000 0.011713 0.991968 -0.125949 14.702200 -0.063051 0.126439 0.989969 0.000000 0.000000 0.000000 0.000000 1.000000
0.998501 -0.000788 0.054724 0.000000 0.007813 0.991709 -0.128268 14.702200 -0.054169 0.128503 0.990229 0.000000 0.000000 0.000000 0.000000 1.000000
0.999072 0.002469 0.042998 0.000000 0.003203 0.991332 -0.131341 14.702200 -0.042950 0.131357 0.990404 -0.000000 0.000000 0.000000 0.000000 1.000000
0.999514 0.005128 0.030742 -0.000000 -0.000941 0.990885 -0.134708 14.702200 -0.031152 0.134613 0.990408 -0.000000 0.000000 0.000000 0.000000 1.000000</float_array>
        <technique_common>
          <accessor source="#mixamorig_Spine2-Matrix-animation-output-transform-array" count="37" stride="16">
            <param type="float4x4"/>
          </accessor>
        </technique_common>
      </source>
      <source id="mixamorig_Spine2-Interpolations">
        <Name_array id="mixamorig_Spine2-Interpolations-array" count="37">
 LINEAR LINEAR LINEAR LINEAR LINEAR LINEAR LINEAR LINEAR LINEAR LINEAR LINEAR
LINEAR LINEAR LINEAR LINEAR LINEAR LINEAR LINEAR LINEAR LINEAR LINEAR LINEAR LINEAR
LINEAR LINEAR LINEAR LINEAR LINEAR LINEAR LINEAR LINEAR LINEAR LINEAR LINEAR LINEAR
LINEAR LINEAR</Name_array>
        <technique_common>
          <accessor source="#mixamorig_Spine2-Interpolations-array" count="37">
            <param type="name"/>
          </accessor>
        </technique_common>
      </source>
      <sampler id="mixamorig_Spine2-Matrix-animation-transform">
        <input semantic="INPUT" source="#mixamorig_Spine2-Matrix-animation-input"/>
        <input semantic="OUTPUT" source="#mixamorig_Spine2-Matrix-animation-output-transform"/>
        <input semantic="INTERPOLATION" source="#mixamorig_Spine2-Interpolations"/>
      </sampler>
      <channel source="#mixamorig_Spine2-Matrix-animation-transform" target="mixamorig_Spine2/matrix"/>
    </animation>
    <animation id="mixamorig_Neck-anim" name="mixamorig_Neck">
      <source id="mixamorig_Neck-Matrix-animation-input">
        <float_array id="mixamorig_Neck-Matrix-animation-input-array" count="37">

0.000000 0.033333 0.066667 0.100000 0.133333 0.166667 0.200000 0.233333 0.266667 0.300000 0.333333 0.366667 0.400000 0.433333 0.466667 0.500000
0.533333 0.566667 0.600000 0.633333 0.666667 0.700000 0.733333 0.766667 0.800000 0.833333 0.866667 0.900000 0.933333 0.966667 1.000000 1.033333
1.066667 1.100000 1.133333 1.166667 1.200000</float_array>
        <technique_common>
          <accessor source="#mixamorig_Neck-Matrix-animation-input-array" count="37">
            <param name="TIME" type="float"/>
          </accessor>
        </technique_common>
      </source>
      <source id="mixamorig_Neck-Matrix-animation-output-transform">
        <float_array id="mixamorig_Neck-Matrix-animation-output-transform-array" count="592">

0.999855 -0.005495 -0.016093 0.000000 0.004580 0.998402 -0.056318 16.539900 0.016377 0.056236 0.998283 0.000000 0.000000 0.000000 0.000000 1.000000
0.999910 -0.003608 -0.012916 -0.000000 0.002860 0.998344 -0.057453 16.539900 0.013102 0.057411 0.998265 0.000000 0.000000 0.000000 0.000000 1.000000
0.999963 -0.001095 -0.008560 -0.000000 0.000590 0.998272 -0.058768 16.539900 0.008610 0.058761 0.998235 0.000000 0.000000 0.000000 0.000000 1.000000
0.999996 0.000479 -0.002722 0.000000 -0.000638 0.998291 -0.058432 16.539900 0.002689 0.058433 0.998288 0.000000 0.000000 0.000000 0.000000 1.000000
0.999992 0.002055 0.003289 0.000000 -0.001854 0.998190 -0.060106 16.539900 -0.003407 0.060099 0.998187 0.000000 0.000000 0.000000 0.000000 1.000000
0.999951 0.002589 0.009531 0.000000 -0.001995 0.998085 -0.061821 16.539900 -0.009673 0.061799 0.998042 0.000000 0.000000 0.000000 0.000000 1.000000
0.999874 0.004643 0.015163 0.000000 -0.003696 0.998077 -0.061876 16.539900 -0.015422 0.061812 0.997969 0.000000 0.000000 0.000000 0.000000 1.000000
0.999790 0.007699 0.019012 0.000000 -0.006554 0.998205 -0.059528 16.539900 -0.019437 0.059391 0.998046 0.000000 0.000000 0.000000 0.000000 1.000000
0.999731 0.008994 0.021364 0.000000 -0.007815 0.998475 -0.054650 16.539900 -0.021823 0.054469 0.998277 0.000000 0.000000 0.000000 0.000000 1.000000
0.999661 0.011773 0.023217 0.000000 -0.010638 0.998770 -0.048434 16.539900 -0.023758 0.048170 0.998557 0.000000 0.000000 0.000000 0.000000 1.000000
0.999575 0.015223 0.024877 0.000000 -0.014125 0.998943 -0.043731 16.539900 -0.025516 0.043361 0.998734 0.000000 0.000000 0.000000 0.000000 1.000000
0.999533 0.016473 0.025751 0.000000 -0.015395 0.999019 -0.041520 16.539900 -0.026409 0.041104 0.998806 0.000000 0.000000 0.000000 0.000000 1.000000
0.999536 0.014877 0.026588 0.000000 -0.013753 0.999023 -0.041989 16.539900 -0.027187 0.041603 0.998764 0.000000 0.000000 0.000000 0.000000 1.000000
0.999513 0.014669 0.027555 0.000000 -0.013498 0.999018 -0.042203 16.539900 -0.028147 0.041810 0.998729 0.000000 0.000000 0.000000 0.000000 1.000000
0.999519 0.015488 0.026865 -0.000000 -0.014342 0.999000 -0.042344 16.539900 -0.027493 0.041939 0.998742 0.000000 0.000000 0.000000 0.000000 1.000000
0.999569 0.014614 0.025468 0.000000 -0.013461 0.998902 -0.044870 16.539900 -0.026096 0.044508 0.998668 -0.000000 0.000000 0.000000 0.000000 1.000000
0.999655 0.012773 0.022955 0.000000 -0.011662 0.998784 -0.047894 16.539900 -0.023538 0.047610 0.998589 -0.000000 0.000000 0.000000 0.000000 1.000000
0.999787 0.008882 0.018654 0.000000 -0.007896 0.998600 -0.052305 16.539900 -0.019092 0.052146 0.998457 0.000000 0.000000 0.000000 0.000000 1.000000
0.999868 0.007223 0.014521 0.000000 -0.006420 0.998486 -0.054623 16.539900 -0.014893 0.054523 0.998401 0.000000 0.000000 0.000000 0.000000 1.000000
0.999949 0.004522 0.009045 -0.000000 -0.003987 0.998291 -0.058308 16.539900 -0.009293 0.058269 0.998258 0.000000 0.000000 0.000000 0.000000 1.000000
0.999992 0.002638 0.002974 -0.000000 -0.002455 0.998187 -0.060133 16.539900 -0.003127 0.060125 0.998186 0.000000 0.000000 0.000000 0.000000 1.000000
0.999990 0.002736 -0.003648 0.000000 -0.002956 0.998076 -0.061926 16.539900 0.003472 0.061936 0.998074 -0.000000 0.000000 0.000000 0.000000 1.000000
0.999933 0.002711 -0.011241 0.000000 -0.003441 0.997847 -0.065500 16.539900 0.011039 0.065534 0.997789 0.000000 0.000000 0.000000 0.000000 1.000000
0.999812 0.002702 -0.019207 -0.000000 -0.004008 0.997659 -0.068272 16.539900 0.018977 0.068336 0.997482 0.000000 0.000000 0.000000 0.000000 1.000000
0.999643 0.002408 -0.026600 0.000000 -0.004244 0.997595 -0.069186 16.539900 0.026370 0.069274 0.997249 -0.000000 0.000000 0.000000 0.000000 1.000000
0.999475 0.000610 -0.032399 0.000000 -0.002804 0.997701 -0.067718 16.539900 0.032283 0.067774 0.997178 0.000000 0.000000 0.000000 0.000000 1.000000
0.999317 -0.000909 -0.036944 0.000000 -0.001535 0.997815 -0.066058 16.539900 0.036924 0.066070 0.997132 -0.000000 0.000000 0.000000 0.000000 1.000000
0.999207 -0.002701 -0.039718 0.000000 0.000209 0.998039 -0.062594 16.539900 0.039809 0.062536 0.997248 0.000000 0.000000 0.000000 0.000000 1.000000
0.999178 -0.005644 -0.040152 -0.000000 0.003286 0.998279 -0.058552 16.539900 0.040414 0.058372 0.997477 0.000000 0.000000 0.000000 0.000000 1.000000
0.999227 -0.007453 -0.038588 0.000000 0.005352 0.998512 -0.054267 16.539900 0.038935 0.054018 0.997781 0.000000 0.000000 0.000000 0.000000 1.000000
0.999325 -0.007006 -0.036065 -0.000000 0.005189 0.998724 -0.050231 16.539900 0.036371 0.050010 0.998086 0.000000 0.000000 0.000000 0.000000 1.000000
0.999433 -0.008027 -0.032684 0.000000 0.006505 0.998901 -0.046407 16.539900 0.033021 0.046169 0.998388 0.000000 0.000000 0.000000 0.000000 1.000000
0.999483 -0.007802 -0.031200 0.000000 0.006281 0.998800 -0.048579 16.539900 0.031542 0.048358 0.998332 0.000000 0.000000 0.000000 0.000000 1.000000
0.999568 -0.008206 -0.028231 0.000000 0.006733 0.998631 -0.051867 16.539900 0.028618 0.051655 0.998255 0.000000 0.000000 0.000000 0.000000 1.000000
0.999681 -0.008488 -0.023790 0.000000 0.007161 0.998442 -0.055335 16.539900 0.024223 0.055147 0.998184 -0.000000 0.000000 0.000000 0.000000 1.000000
0.999772 -0.007405 -0.020031 0.000000 0.006274 0.998415 -0.055932 16.539900 0.020413 0.055794 0.998234 0.000000 0.000000 0.000000 0.000000 1.000000
0.999855 -0.005495 -0.016093 -0.000000 0.004580 0.998402 -0.056318 16.539900 0.016377 0.056236 0.998283 0.000000 0.000000 0.000000 0.000000 1.000000</float_array>
        <technique_common>
          <accessor source="#mixamorig_Neck-Matrix-animation-output-transform-array" count="37" stride="16">
            <param type="float4x4"/>
          </accessor>
        </technique_common>
      </source>
      <source id="mixamorig_Neck-Interpolations">
        <Name_array id="mixamorig_Neck-Interpolations-array" count="37">
 LINEAR LINEAR LINEAR LINEAR LINEAR LINEAR LINEAR LINEAR LINEAR LINEAR LINEAR
LINEAR LINEAR LINEAR LINEAR LINEAR LINEAR LINEAR LINEAR LINEAR LINEAR LINEAR LINEAR
LINEAR LINEAR LINEAR LINEAR LINEAR LINEAR LINEAR LINEAR LINEAR LINEAR LINEAR LINEAR
LINEAR LINEAR</Name_array>
        <technique_common>
          <accessor source="#mixamorig_Neck-Interpolations-array" count="37">
            <param type="name"/>
          </accessor>
        </technique_common>
      </source>
      <sampler id="mixamorig_Neck-Matrix-animation-transform">
        <input semantic="INPUT" source="#mixamorig_Neck-Matrix-animation-input"/>
        <input semantic="OUTPUT" source="#mixamorig_Neck-Matrix-animation-output-transform"/>
        <input semantic="INTERPOLATION" source="#mixamorig_Neck-Interpolations"/>
      </sampler>
      <channel source="#mixamorig_Neck-Matrix-animation-transform" target="mixamorig_Neck/matrix"/>
    </animation>
    <animation id="mixamorig_Head-anim" name="mixamorig_Head">
      <source id="mixamorig_Head-Matrix-animation-input">
        <float_array id="mixamorig_Head-Matrix-animation-input-array" count="37">

0.000000 0.033333 0.066667 0.100000 0.133333 0.166667 0.200000 0.233333 0.266667 0.300000 0.333333 0.366667 0.400000 0.433333 0.466667 0.500000
0.533333 0.566667 0.600000 0.633333 0.666667 0.700000 0.733333 0.766667 0.800000 0.833333 0.866667 0.900000 0.933333 0.966667 1.000000 1.033333
1.066667 1.100000 1.133333 1.166667 1.200000</float_array>
        <technique_common>
          <accessor source="#mixamorig_Head-Matrix-animation-input-array" count="37">
