<?xml version="1.0" encoding="utf-8"?>
<COLLADA xmlns="http://www.collada.org/2005/11/COLLADASchema" version="1.4.1">
  <asset>
    <contributor>
      <author>Mixamo</author>
      <authoring_tool>COLLADA Mixamo exporter</authoring_tool>
      <comments/>
    </contributor>
    <created>2024-04-09T21:59:21Z</created>
    <modified>2024-04-09T21:59:21Z</modified>
    <revision/>
    <title/>
    <unit meter="0.010000"/>
    <up_axis>Y_UP</up_axis>
  </asset>
  <library_animations>
    <animation id="mixamorig_Hips-anim" name="mixamorig_Hips">
      <source id="mixamorig_Hips-Matrix-animation-input">
        <float_array id="mixamorig_Hips-Matrix-animation-input-array" count="32">

0.000000 0.033333 0.066667 0.100000 0.133333 0.166667 0.200000 0.233333 0.266667 0.300000 0.333333 0.366667 0.400000 0.433333 0.466667 0.500000
0.533333 0.566667 0.600000 0.633333 0.666667 0.700000 0.733333 0.766667 0.800000 0.833333 0.866667 0.900000 0.933333 0.966667 1.000000 1.033333</float_array>
        <technique_common>
          <accessor source="#mixamorig_Hips-Matrix-animation-input-array" count="32">
            <param name="TIME" type="float"/>
          </accessor>
        </technique_common>
      </source>
      <source id="mixamorig_Hips-Matrix-animation-output-transform">
        <float_array id="mixamorig_Hips-Matrix-animation-output-transform-array" count="512">

0.998367 0.031716 0.047503 -0.088914 -0.030899 0.999363 -0.017836 101.854218 -0.048039 0.016339 0.998712 -0.568946 0.000000 0.000000 0.000000 1.000000
0.999211 0.031675 0.023943 -0.187865 -0.031251 0.999352 -0.017864 102.449738 -0.024493 0.017102 0.999554 -0.823282 0.000000 0.000000 0.000000 1.000000
0.999376 0.035094 0.004099 -0.253479 -0.035026 0.999264 -0.015658 102.440933 -0.004645 0.015505 0.999869 -1.145960 0.000000 0.000000 0.000000 1.000000
0.999248 0.037468 -0.010016 -0.258985 -0.037588 0.999220 -0.012077 101.957542 0.009556 0.012444 0.999877 -1.245854 0.000000 0.000000 0.000000 1.000000
0.999120 0.036567 -0.020522 -0.259518 -0.036782 0.999272 -0.010170 101.130035 0.020136 0.010916 0.999738 -1.529372 0.000000 0.000000 0.000000 1.000000
0.998909 0.034074 -0.031921 -0.190349 -0.034453 0.999341 -0.011411 100.106499 0.031512 0.012498 0.999425 -1.880270 0.000000 0.000000 0.000000 1.000000
0.998438 0.032419 -0.045511 -0.020847 -0.033062 0.999363 -0.013445 98.978180 0.045046 0.014929 0.998873 -2.096715 0.000000 0.000000 0.000000 1.000000
0.997752 0.031898 -0.058938 0.263409 -0.032727 0.999378 -0.013168 97.659653 0.058481 0.015067 0.998175 -1.913849 0.000000 0.000000 0.000000 1.000000
0.997189 0.029522 -0.068873 0.764063 -0.030434 0.999462 -0.012228 96.216904 0.068474 0.014290 0.997551 -1.151459 0.000000 0.000000 0.000000 1.000000
0.997053 0.022946 -0.073199 1.269901 -0.024168 0.999582 -0.015858 95.422974 0.072805 0.017580 0.997191 -0.209871 0.000000 0.000000 0.000000 1.000000
0.997414 0.013742 -0.070547 1.810604 -0.015465 0.999594 -0.023937 95.273300 0.070190 0.024966 0.997221 0.457912 0.000000 0.000000 0.000000 1.000000
0.998040 0.006881 -0.062204 2.305070 -0.008696 0.999543 -0.028950 95.595215 0.061976 0.029434 0.997644 0.636163 0.000000 0.000000 0.000000 1.000000
0.998568 0.004264 -0.053331 2.811623 -0.005674 0.999637 -0.026319 96.818443 0.053200 0.026584 0.998230 0.645399 0.000000 0.000000 0.000000 1.000000
0.998916 0.006954 -0.046029 3.229293 -0.007870 0.999774 -0.019742 98.666794 0.045881 0.020083 0.998745 0.515478 0.000000 0.000000 0.000000 1.000000
0.999316 0.013799 -0.034301 3.483734 -0.014320 0.999785 -0.014984 100.437416 0.034087 0.015465 0.999299 0.177964 0.000000 0.000000 0.000000 1.000000
0.999714 0.021157 -0.011115 3.680439 -0.021325 0.999657 -0.015178 101.924835 0.010790 0.015410 0.999823 -0.020517 0.000000 0.000000 0.000000 1.000000
0.999512 0.022683 0.021464 3.791827 -0.022248 0.999547 -0.020264 102.780487 -0.021914 0.019777 0.999564 -0.533785 0.000000 0.000000 0.000000 1.000000
0.998466 0.015511 0.053155 3.825467 -0.014092 0.999537 -0.026959 102.893860 -0.053548 0.026169 0.998222 -1.105939 0.000000 0.000000 0.000000 1.000000
0.997137 0.003140 0.075551 3.827444 -0.000770 0.999507 -0.031381 102.322563 -0.075612 0.031233 0.996648 -1.424582 0.000000 0.000000 0.000000 1.000000
0.996016 -0.008490 0.088767 3.850894 0.011415 0.999407 -0.032501 101.219254 -0.088438 0.033385 0.995522 -1.656534 0.000000 0.000000 0.000000 1.000000
0.994963 -0.016296 0.098910 3.832700 0.019562 0.999292 -0.032138 99.914703 -0.098316 0.033911 0.994577 -1.856163 0.000000 0.000000 0.000000 1.000000
0.993581 -0.020524 0.111250 3.768272 0.024274 0.999178 -0.032460 98.361816 -0.110492 0.034952 0.993262 -1.946855 0.000000 0.000000 0.000000 1.000000
0.991672 -0.022106 0.126878 3.589649 0.026666 0.999054 -0.034351 96.847389 -0.125998 0.037448 0.991323 -2.050673 0.000000 0.000000 0.000000 1.000000
0.989754 -0.019564 0.141437 3.158073 0.025200 0.998954 -0.038167 95.497040 -0.140542 0.041340 0.989211 -1.687136 0.000000 0.000000 0.000000 1.000000
0.989036 -0.009144 0.147394 2.621320 0.015905 0.998871 -0.044757 94.846703 -0.146818 0.046611 0.988065 -1.075272 0.000000 0.000000 0.000000 1.000000
0.989830 0.009719 0.141921 2.043713 -0.002175 0.998581 -0.053212 94.780853 -0.142236 0.052362 0.988447 -0.786803 0.000000 0.000000 0.000000 1.000000
0.991110 0.028599 0.129934 1.508321 -0.021143 0.998069 -0.058402 95.563446 -0.131354 0.055135 0.989801 -0.600376 0.000000 0.000000 0.000000 1.000000
0.991870 0.041385 0.120336 0.855581 -0.034965 0.997875 -0.054979 96.811615 -0.122356 0.050324 0.991210 -0.566458 0.000000 0.000000 0.000000 1.000000
0.992493 0.046022 0.113313 0.465207 -0.041298 0.998191 -0.043686 98.356430 -0.115118 0.038678 0.992598 -0.618955 0.000000 0.000000 0.000000 1.000000
0.993989 0.043222 0.100589 0.212483 -0.040318 0.998714 -0.030729 99.789185 -0.101788 0.026489 0.994453 -0.517425 0.000000 0.000000 0.000000 1.000000
0.996269 0.036870 0.078033 0.033726 -0.035281 0.999143 -0.021644 100.988144 -0.078764 0.018810 0.996716 -0.397155 0.000000 0.000000 0.000000 1.000000
0.998367 0.031716 0.047503 -0.088914 -0.030899 0.999363 -0.017836 101.854218 -0.048039 0.016339 0.998712 -0.568945 0.000000 0.000000 0.000000 1.000000</float_array>
        <technique_common>
          <accessor source="#mixamorig_Hips-Matrix-animation-output-transform-array" count="32" stride="16">
            <param type="float4x4"/>
          </accessor>
        </technique_common>
      </source>
      <source id="mixamorig_Hips-Interpolations">
        <Name_array id="mixamorig_Hips-Interpolations-array" count="32">
 LINEAR LINEAR LINEAR LINEAR LINEAR LINEAR LINEAR LINEAR LINEAR LINEAR LINEAR
LINEAR LINEAR LINEAR LINEAR LINEAR LINEAR LINEAR LINEAR LINEAR LINEAR LINEAR LINEAR
LINEAR LINEAR LINEAR LINEAR LINEAR LINEAR LINEAR LINEAR LINEAR</Name_array>
        <technique_common>
          <accessor source="#mixamorig_Hips-Interpolations-array" count="32">
            <param type="name"/>
          </accessor>
        </technique_common>
      </source>
      <sampler id="mixamorig_Hips-Matrix-animation-transform">
        <input semantic="INPUT" source="#mixamorig_Hips-Matrix-animation-input"/>
        <input semantic="OUTPUT" source="#mixamorig_Hips-Matrix-animation-output-transform"/>
        <input semantic="INTERPOLATION" source="#mixamorig_Hips-Interpolations"/>
      </sampler>
      <channel source="#mixamorig_Hips-Matrix-animation-transform" target="mixamorig_Hips/matrix"/>
    </animation>
    <animation id="mixamorig_Spine-anim" name="mixamorig_Spine">
      <source id="mixamorig_Spine-Matrix-animation-input">
        <float_array id="mixamorig_Spine-Matrix-animation-input-array" count="32">

0.000000 0.033333 0.066667 0.100000 0.133333 0.166667 0.200000 0.233333 0.266667 0.300000 0.333333 0.366667 0.400000 0.433333 0.466667 0.500000
0.533333 0.566667 0.600000 0.633333 0.666667 0.700000 0.733333 0.766667 0.800000 0.833333 0.866667 0.900000 0.933333 0.966667 1.000000 1.033333</float_array>
        <technique_common>
          <accessor source="#mixamorig_Spine-Matrix-animation-input-array" count="32">
            <param name="TIME" type="float"/>
          </accessor>
        </technique_common>
      </source>
      <source id="mixamorig_Spine-Matrix-animation-output-transform">
        <float_array id="mixamorig_Spine-Matrix-animation-output-transform-array" count="512">

0.999939 -0.009925 0.004907 0.000000 0.009560 0.997532 0.069553 10.997300 -0.005586 -0.069502 0.997566 -0.803100 0.000000 0.000000 0.000000 1.000000
0.999912 -0.007260 0.011066 0.000000 0.006477 0.997579 0.069241 10.997300 -0.011542 -0.069163 0.997539 -0.803100 0.000000 0.000000 0.000000 1.000000
0.999852 -0.005499 0.016317 0.000000 0.004389 0.997722 0.067322 10.997300 -0.016650 -0.067241 0.997598 -0.803100 0.000000 0.000000 0.000000 1.000000
0.999785 -0.004234 0.020298 0.000000 0.002878 0.997792 0.066359 10.997300 -0.020534 -0.066286 0.997589 -0.803100 0.000000 0.000000 0.000000 1.000000
0.999717 -0.002103 0.023698 0.000000 0.000558 0.997885 0.064998 10.997300 -0.023784 -0.064966 0.997604 -0.803100 0.000000 0.000000 0.000000 1.000000
0.999623 0.000488 0.027443 0.000000 -0.002263 0.997903 0.064694 10.997300 -0.027354 -0.064732 0.997528 -0.803100 0.000000 0.000000 0.000000 1.000000
0.999495 0.003069 0.031638 0.000000 -0.005117 0.997882 0.064842 10.997300 -0.031372 -0.064972 0.997394 -0.803100 0.000000 0.000000 0.000000 1.000000
0.999343 0.004927 0.035902 0.000000 -0.007263 0.997844 0.065226 10.997300 -0.035503 -0.065444 0.997224 -0.803100 0.000000 0.000000 0.000000 1.000000
0.999211 0.006626 0.039164 0.000000 -0.009214 0.997758 0.066289 10.997300 -0.038637 -0.066598 0.997032 -0.803100 0.000000 0.000000 0.000000 1.000000
0.999158 0.008477 0.040154 0.000000 -0.011279 0.997477 0.070083 10.997300 -0.039459 -0.070477 0.996733 -0.803100 0.000000 0.000000 0.000000 1.000000
0.999215 0.010760 0.038119 0.000000 -0.013611 0.997065 0.075342 10.997300 -0.037196 -0.075802 0.996429 -0.803100 0.000000 0.000000 0.000000 1.000000
0.999369 0.011255 0.033685 -0.000000 -0.013839 0.996899 0.077467 10.997300 -0.032709 -0.077884 0.996426 -0.803100 0.000000 0.000000 0.000000 1.000000
0.999535 0.010339 0.028676 0.000000 -0.012490 0.997037 0.075899 10.997300 -0.027806 -0.076222 0.996703 -0.803100 0.000000 0.000000 0.000000 1.000000
0.999671 0.009788 0.023725 0.000000 -0.011506 0.997235 0.073416 10.997300 -0.022941 -0.073665 0.997019 -0.803100 0.000000 0.000000 0.000000 1.000000
0.999806 0.008753 0.017645 0.000000 -0.009993 0.997392 0.071484 10.997300 -0.016973 -0.071647 0.997286 -0.803100 0.000000 0.000000 0.000000 1.000000
0.999929 0.006974 0.009662 0.000000 -0.007642 0.997450 0.070956 10.997300 -0.009143 -0.071025 0.997433 -0.803100 0.000000 0.000000 0.000000 1.000000
0.999981 0.006183 0.000748 0.000000 -0.006221 0.997513 0.070206 10.997300 -0.000312 -0.070209 0.997532 -0.803100 0.000000 0.000000 0.000000 1.000000
0.999953 0.006802 -0.006959 -0.000000 -0.006302 0.997562 0.069503 10.997300 0.007415 -0.069456 0.997557 -0.803100 0.000000 0.000000 0.000000 1.000000
0.999894 0.008046 -0.012152 -0.000000 -0.007191 0.997598 0.068894 10.997300 0.012677 -0.068799 0.997550 -0.803100 0.000000 0.000000 0.000000 1.000000
0.999849 0.007692 -0.015556 0.000000 -0.006629 0.997712 0.067282 10.997300 0.016038 -0.067168 0.997613 -0.803100 0.000000 0.000000 0.000000 1.000000
0.999807 0.006566 -0.018525 0.000000 -0.005336 0.997827 0.065671 10.997300 0.018916 -0.065560 0.997669 -0.803100 0.000000 0.000000 0.000000 1.000000
0.999754 0.003971 -0.021839 0.000000 -0.002548 0.997896 0.064781 10.997300 0.022050 -0.064709 0.997661 -0.803100 0.000000 0.000000 0.000000 1.000000
0.999663 0.001238 -0.025941 0.000000 0.000441 0.997910 0.064612 10.997300 0.025966 -0.064602 0.997573 -0.803100 0.000000 0.000000 0.000000 1.000000
0.999557 -0.000140 -0.029759 0.000000 0.002125 0.997773 0.066668 10.997300 0.029683 -0.066702 0.997331 -0.803100 0.000000 0.000000 0.000000 1.000000
0.999513 -0.002570 -0.031111 0.000000 0.004785 0.997442 0.071323 10.997300 0.030848 -0.071437 0.996968 -0.803100 0.000000 0.000000 0.000000 1.000000
0.999537 -0.007191 -0.029564 0.000000 0.009424 0.997056 0.076101 10.997300 0.028930 -0.076344 0.996662 -0.803100 0.000000 0.000000 0.000000 1.000000
0.999616 -0.011444 -0.025243 0.000000 0.013393 0.996827 0.078458 10.997300 0.024265 -0.078766 0.996598 -0.803100 0.000000 0.000000 0.000000 1.000000
0.999699 -0.013282 -0.020605 0.000000 0.014838 0.996899 0.077279 10.997300 0.019514 -0.077562 0.996797 -0.803100 0.000000 0.000000 0.000000 1.000000
0.999748 -0.015024 -0.016696 0.000000 0.016224 0.997112 0.074196 10.997300 0.015533 -0.074448 0.997104 -0.803100 0.000000 0.000000 0.000000 1.000000
0.999827 -0.014839 -0.011185 0.000000 0.015603 0.997307 0.071667 10.997300 0.010091 -0.071829 0.997366 -0.803100 0.000000 0.000000 0.000000 1.000000
0.999916 -0.012463 -0.003653 0.000000 0.012690 0.997418 0.070688 10.997300 0.002762 -0.070729 0.997492 -0.803100 0.000000 0.000000 0.000000 1.000000
0.999939 -0.009925 0.004907 -0.000000 0.009560 0.997532 0.069553 10.997300 -0.005586 -0.069502 0.997566 -0.803100 0.000000 0.000000 0.000000 1.000000</float_array>
        <technique_common>
          <accessor source="#mixamorig_Spine-Matrix-animation-output-transform-array" count="32" stride="16">
            <param type="float4x4"/>
          </accessor>
        </technique_common>
      </source>
      <source id="mixamorig_Spine-Interpolations">
        <Name_array id="mixamorig_Spine-Interpolations-array" count="32">
 LINEAR LINEAR LINEAR LINEAR LINEAR LINEAR LINEAR LINEAR LINEAR LINEAR LINEAR
LINEAR LINEAR LINEAR LINEAR LINEAR LINEAR LINEAR LINEAR LINEAR LINEAR LINEAR LINEAR
LINEAR LINEAR LINEAR LINEAR LINEAR LINEAR LINEAR LINEAR LINEAR</Name_array>
        <technique_common>
          <accessor source="#mixamorig_Spine-Interpolations-array" count="32">
            <param type="name"/>
          </accessor>
        </technique_common>
      </source>
      <sampler id="mixamorig_Spine-Matrix-animation-transform">
        <input semantic="INPUT" source="#mixamorig_Spine-Matrix-animation-input"/>
        <input semantic="OUTPUT" source="#mixamorig_Spine-Matrix-animation-output-transform"/>
        <input semantic="INTERPOLATION" source="#mixamorig_Spine-Interpolations"/>
      </sampler>
      <channel source="#mixamorig_Spine-Matrix-animation-transform" target="mixamorig_Spine/matrix"/>
    </animation>
    <animation id="mixamorig_Spine1-anim" name="mixamorig_Spine1">
      <source id="mixamorig_Spine1-Matrix-animation-input">
        <float_array id="mixamorig_Spine1-Matrix-animation-input-array" count="32">

0.000000 0.033333 0.066667 0.100000 0.133333 0.166667 0.200000 0.233333 0.266667 0.300000 0.333333 0.366667 0.400000 0.433333 0.466667 0.500000
0.533333 0.566667 0.600000 0.633333 0.666667 0.700000 0.733333 0.766667 0.800000 0.833333 0.866667 0.900000 0.933333 0.966667 1.000000 1.033333</float_array>
        <technique_common>
          <accessor source="#mixamorig_Spine1-Matrix-animation-input-array" count="32">
            <param name="TIME" type="float"/>
          </accessor>
        </technique_common>
      </source>
      <source id="mixamorig_Spine1-Matrix-animation-output-transform">
        <float_array id="mixamorig_Spine1-Matrix-animation-output-transform-array" count="512">

0.999889 -0.009529 0.011421 0.000000 0.009606 0.999931 -0.006717 12.864400 -0.011356 0.006826 0.999912 0.000000 0.000000 0.000000 0.000000 1.000000
0.999723 -0.004305 0.023125 -0.000000 0.004477 0.999963 -0.007396 12.864400 -0.023092 0.007497 0.999705 0.000000 0.000000 0.000000 0.000000 1.000000
0.999450 -0.001655 0.033124 0.000000 0.002029 0.999934 -0.011266 12.864400 -0.033103 0.011327 0.999388 0.000000 0.000000 0.000000 0.000000 1.000000
0.999167 -0.000561 0.040811 0.000000 0.001100 0.999913 -0.013180 12.864400 -0.040800 0.013214 0.999080 0.000000 0.000000 0.000000 0.000000 1.000000
0.998865 0.001824 0.047597 0.000000 -0.001069 0.999873 -0.015879 12.864400 -0.047620 0.015810 0.998740 0.000000 0.000000 0.000000 0.000000 1.000000
0.998454 0.005295 0.055332 0.000000 -0.004389 0.999855 -0.016475 12.864400 -0.055411 0.016207 0.998332 -0.000000 0.000000 0.000000 0.000000 1.000000
0.997879 0.009030 0.064470 -0.000000 -0.008003 0.999837 -0.016183 12.864400 -0.064605 0.015633 0.997788 -0.000000 0.000000 0.000000 0.000000 1.000000
0.997228 0.012065 0.073420 0.000000 -0.010959 0.999821 -0.015444 12.864400 -0.073593 0.014597 0.997182 0.000000 0.000000 0.000000 0.000000 1.000000
0.996679 0.014738 0.080085 0.000000 -0.013713 0.999817 -0.013339 12.864400 -0.080267 0.012196 0.996699 0.000000 0.000000 0.000000 0.000000 1.000000
0.996396 0.018192 0.082844 0.000000 -0.017771 0.999825 -0.005820 12.864400 -0.082935 0.004327 0.996546 -0.000000 0.000000 0.000000 0.000000 1.000000
0.996446 0.024373 0.080633 -0.000000 -0.024815 0.999682 0.004489 12.864400 -0.080498 -0.006474 0.996734 0.000000 0.000000 0.000000 0.000000 1.000000
0.996911 0.029037 0.072970 -0.000000 -0.029737 0.999521 0.008520 12.864400 -0.072688 -0.010664 0.997298 0.000000 0.000000 0.000000 0.000000 1.000000
0.997703 0.027845 0.061748 0.000000 -0.028237 0.999586 0.005475 12.864400 -0.061570 -0.007206 0.998077 -0.000000 0.000000 0.000000 0.000000 1.000000
0.998475 0.024381 0.049521 0.000000 -0.024447 0.999701 0.000739 12.864400 -0.049488 -0.001949 0.998773 0.000000 0.000000 0.000000 0.000000 1.000000
0.999203 0.018054 0.035606 -0.000000 -0.017964 0.999835 -0.002850 12.864400 -0.035652 0.002208 0.999362 0.000000 0.000000 0.000000 0.000000 1.000000
0.999763 0.010992 0.018778 -0.000000 -0.010923 0.999933 -0.003736 12.864400 -0.018818 0.003530 0.999817 -0.000000 0.000000 0.000000 0.000000 1.000000
0.999973 0.007346 0.000776 0.000000 -0.007342 0.999960 -0.005198 12.864400 -0.000814 0.005192 0.999986 0.000000 0.000000 0.000000 0.000000 1.000000
0.999868 0.007613 -0.014360 0.000000 -0.007709 0.999948 -0.006609 12.864400 0.014309 0.006719 0.999875 -0.000000 0.000000 0.000000 0.000000 1.000000
0.999659 0.009607 -0.024283 0.000000 -0.009800 0.999921 -0.007822 12.864400 0.024206 0.008058 0.999675 -0.000000 0.000000 0.000000 0.000000 1.000000
0.999496 0.008687 -0.030528 0.000000 -0.009029 0.999898 -0.011060 12.864400 0.030428 0.011330 0.999473 0.000000 0.000000 0.000000 0.000000 1.000000
0.999319 0.007280 -0.036186 0.000000 -0.007802 0.999867 -0.014292 12.864400 0.036077 0.014565 0.999243 -0.000000 0.000000 0.000000 0.000000 1.000000
0.999040 0.004526 -0.043573 0.000000 -0.005231 0.999857 -0.016075 12.864400 0.043494 0.016287 0.998921 0.000000 0.000000 0.000000 0.000000 1.000000
0.998636 0.000882 -0.052207 -0.000000 -0.001741 0.999864 -0.016419 12.864400 0.052186 0.016488 0.998501 0.000000 0.000000 0.000000 0.000000 1.000000
0.998240 -0.002225 -0.059256 0.000000 0.001496 0.999923 -0.012341 12.864400 0.059279 0.012230 0.998167 -0.000000 0.000000 0.000000 0.000000 1.000000
0.998082 -0.006594 -0.061547 0.000000 0.006416 0.999975 -0.003077 12.864400 0.061566 0.002676 0.998099 0.000000 0.000000 0.000000 0.000000 1.000000
0.998264 -0.012204 -0.057627 0.000000 0.012598 0.999900 0.006479 12.864400 0.057542 -0.007193 0.998317 0.000000 0.000000 0.000000 0.000000 1.000000
0.998541 -0.020683 -0.049883 0.000000 0.021262 0.999712 0.011098 12.864400 0.049639 -0.012142 0.998693 0.000000 0.000000 0.000000 0.000000 1.000000
0.998840 -0.025206 -0.041017 0.000000 0.025583 0.999635 0.008705 12.864400 0.040783 -0.009744 0.999121 0.000000 0.000000 0.000000 0.000000 1.000000
0.999166 -0.025823 -0.031625 0.000000 0.025917 0.999661 0.002573 12.864400 0.031548 -0.003391 0.999496 0.000000 0.000000 0.000000 0.000000 1.000000
0.999563 -0.021853 -0.019883 0.000000 0.021808 0.999759 -0.002441 12.864400 0.019932 0.002007 0.999799 -0.000000 0.000000 0.000000 0.000000 1.000000
0.999866 -0.015555 -0.005115 0.000000 0.015532 0.999870 -0.004395 12.864400 0.005183 0.004314 0.999977 0.000000 0.000000 0.000000 0.000000 1.000000
0.999889 -0.009529 0.011421 -0.000000 0.009606 0.999931 -0.006716 12.864400 -0.011356 0.006825 0.999912 -0.000000 0.000000 0.000000 0.000000 1.000000</float_array>
        <technique_common>
          <accessor source="#mixamorig_Spine1-Matrix-animation-output-transform-array" count="32" stride="16">
            <param type="float4x4"/>
          </accessor>
        </technique_common>
      </source>
      <source id="mixamorig_Spine1-Interpolations">
        <Name_array id="mixamorig_Spine1-Interpolations-array" count="32">
 LINEAR LINEAR LINEAR LINEAR LINEAR LINEAR LINEAR LINEAR LINEAR LINEAR LINEAR
LINEAR LINEAR LINEAR LINEAR LINEAR LINEAR LINEAR LINEAR LINEAR LINEAR LINEAR LINEAR
LINEAR LINEAR LINEAR LINEAR LINEAR LINEAR LINEAR LINEAR LINEAR</Name_array>
        <technique_common>
          <accessor source="#mixamorig_Spine1-Interpolations-array" count="32">
            <param type="name"/>
          </accessor>
        </technique_common>
      </source>
      <sampler id="mixamorig_Spine1-Matrix-animation-transform">
        <input semantic="INPUT" source="#mixamorig_Spine1-Matrix-animation-input"/>
        <input semantic="OUTPUT" source="#mixamorig_Spine1-Matrix-animation-output-transform"/>
        <input semantic="INTERPOLATION" source="#mixamorig_Spine1-Interpolations"/>
      </sampler>
      <channel source="#mixamorig_Spine1-Matrix-animation-transform" target="mixamorig_Spine1/matrix"/>
    </animation>
    <animation id="mixamorig_Spine2-anim" name="mixamorig_Spine2">
      <source id="mixamorig_Spine2-Matrix-animation-input">
        <float_array id="mixamorig_Spine2-Matrix-animation-input-array" count="32">

0.000000 0.033333 0.066667 0.100000 0.133333 0.166667 0.200000 0.233333 0.266667 0.300000 0.333333 0.366667 0.400000 0.433333 0.466667 0.500000
0.533333 0.566667 0.600000 0.633333 0.666667 0.700000 0.733333 0.766667 0.800000 0.833333 0.866667 0.900000 0.933333 0.966667 1.000000 1.033333</float_array>
        <technique_common>
          <accessor source="#mixamorig_Spine2-Matrix-animation-input-array" count="32">
            <param name="TIME" type="float"/>
          </accessor>
        </technique_common>
      </source>
      <source id="mixamorig_Spine2-Matrix-animation-output-transform">
        <float_array id="mixamorig_Spine2-Matrix-animation-output-transform-array" count="512">

0.999889 -0.009529 0.011421 -0.000000 0.009606 0.999931 -0.006717 14.702200 -0.011356 0.006826 0.999912 0.000000 0.000000 0.000000 0.000000 1.000000
0.999723 -0.004305 0.023125 0.000000 0.004477 0.999963 -0.007396 14.702200 -0.023092 0.007497 0.999705 -0.000000 0.000000 0.000000 0.000000 1.000000
0.999450 -0.001655 0.033124 -0.000000 0.002029 0.999934 -0.011266 14.702200 -0.033103 0.011327 0.999388 0.000000 0.000000 0.000000 0.000000 1.000000
0.999167 -0.000561 0.040811 0.000000 0.001100 0.999913 -0.013180 14.702200 -0.040800 0.013214 0.999080 0.000000 0.000000 0.000000 0.000000 1.000000
0.998865 0.001824 0.047597 0.000000 -0.001069 0.999873 -0.015879 14.702200 -0.047620 0.015810 0.998740 0.000000 0.000000 0.000000 0.000000 1.000000
0.998454 0.005295 0.055332 -0.000000 -0.004389 0.999855 -0.016475 14.702200 -0.055411 0.016207 0.998332 -0.000000 0.000000 0.000000 0.000000 1.000000
0.997879 0.009030 0.064470 0.000000 -0.008003 0.999837 -0.016183 14.702200 -0.064605 0.015633 0.997788 0.000000 0.000000 0.000000 0.000000 1.000000
0.997228 0.012065 0.073420 0.000000 -0.010959 0.999821 -0.015444 14.702200 -0.073593 0.014597 0.997182 0.000000 0.000000 0.000000 0.000000 1.000000
0.996679 0.014738 0.080085 0.000000 -0.013713 0.999817 -0.013339 14.702200 -0.080267 0.012196 0.996699 0.000000 0.000000 0.000000 0.000000 1.000000
0.996396 0.018192 0.082844 0.000000 -0.017771 0.999825 -0.005820 14.702200 -0.082935 0.004327 0.996546 0.000000 0.000000 0.000000 0.000000 1.000000
0.996446 0.024373 0.080633 0.000000 -0.024815 0.999682 0.004489 14.702200 -0.080498 -0.006474 0.996734 0.000000 0.000000 0.000000 0.000000 1.000000
0.996911 0.029037 0.072970 -0.000000 -0.029737 0.999521 0.008520 14.702200 -0.072688 -0.010664 0.997298 0.000000 0.000000 0.000000 0.000000 1.000000
0.997703 0.027845 0.061748 -0.000000 -0.028237 0.999586 0.005475 14.702200 -0.061570 -0.007206 0.998077 -0.000000 0.000000 0.000000 0.000000 1.000000
0.998475 0.024381 0.049521 -0.000000 -0.024447 0.999701 0.000739 14.702200 -0.049488 -0.001949 0.998773 0.000000 0.000000 0.000000 0.000000 1.000000
0.999203 0.018054 0.035606 -0.000000 -0.017964 0.999835 -0.002850 14.702200 -0.035652 0.002208 0.999362 0.000000 0.000000 0.000000 0.000000 1.000000
0.999763 0.010992 0.018778 0.000000 -0.010923 0.999933 -0.003736 14.702200 -0.018818 0.003530 0.999817 0.000000 0.000000 0.000000 0.000000 1.000000
0.999973 0.007346 0.000776 0.000000 -0.007342 0.999960 -0.005198 14.702200 -0.000814 0.005192 0.999986 0.000000 0.000000 0.000000 0.000000 1.000000
0.999868 0.007613 -0.014360 0.000000 -0.007709 0.999948 -0.006609 14.702200 0.014309 0.006719 0.999875 0.000000 0.000000 0.000000 0.000000 1.000000
0.999659 0.009607 -0.024283 -0.000000 -0.009800 0.999921 -0.007822 14.702200 0.024206 0.008058 0.999675 -0.000000 0.000000 0.000000 0.000000 1.000000
0.999496 0.008687 -0.030528 0.000000 -0.009029 0.999898 -0.011060 14.702200 0.030428 0.011330 0.999473 0.000000 0.000000 0.000000 0.000000 1.000000
0.999319 0.007280 -0.036186 0.000000 -0.007802 0.999867 -0.014292 14.702200 0.036077 0.014565 0.999243 0.000000 0.000000 0.000000 0.000000 1.000000
0.999040 0.004526 -0.043573 0.000000 -0.005231 0.999857 -0.016075 14.702200 0.043494 0.016287 0.998921 -0.000000 0.000000 0.000000 0.000000 1.000000
0.998636 0.000882 -0.052207 0.000000 -0.001741 0.999864 -0.016419 14.702200 0.052186 0.016488 0.998501 0.000000 0.000000 0.000000 0.000000 1.000000
0.998240 -0.002225 -0.059256 0.000000 0.001496 0.999923 -0.012341 14.702200 0.059279 0.012230 0.998167 -0.000000 0.000000 0.000000 0.000000 1.000000
0.998082 -0.006594 -0.061547 0.000000 0.006416 0.999975 -0.003077 14.702200 0.061566 0.002676 0.998099 0.000000 0.000000 0.000000 0.000000 1.000000
0.998264 -0.012204 -0.057627 0.000000 0.012598 0.999900 0.006479 14.702200 0.057542 -0.007193 0.998317 0.000000 0.000000 0.000000 0.000000 1.000000
0.998541 -0.020683 -0.049883 0.000000 0.021262 0.999712 0.011098 14.702200 0.049639 -0.012142 0.998693 0.000000 0.000000 0.000000 0.000000 1.000000
0.998840 -0.025206 -0.041017 0.000000 0.025583 0.999635 0.008705 14.702200 0.040783 -0.009744 0.999121 0.000000 0.000000 0.000000 0.000000 1.000000
0.999166 -0.025823 -0.031625 0.000000 0.025917 0.999661 0.002573 14.702200 0.031548 -0.003391 0.999496 0.000000 0.000000 0.000000 0.000000 1.000000
0.999563 -0.021853 -0.019883 0.000000 0.021808 0.999759 -0.002441 14.702200 0.019932 0.002007 0.999799 -0.000000 0.000000 0.000000 0.000000 1.000000
0.999866 -0.015555 -0.005115 0.000000 0.015532 0.999870 -0.004395 14.702200 0.005183 0.004314 0.999977 0.000000 0.000000 0.000000 0.000000 1.000000
0.999889 -0.009529 0.011421 -0.000000 0.009606 0.999931 -0.006716 14.702200 -0.011356 0.006825 0.999912 0.000000 0.000000 0.000000 0.000000 1.000000</float_array>
        <technique_common>
          <accessor source="#mixamorig_Spine2-Matrix-animation-output-transform-array" count="32" stride="16">
            <param type="float4x4"/>
          </accessor>
        </technique_common>
      </source>
      <source id="mixamorig_Spine2-Interpolations">
        <Name_array id="mixamorig_Spine2-Interpolations-array" count="32">
 LINEAR LINEAR LINEAR LINEAR LINEAR LINEAR LINEAR LINEAR LINEAR LINEAR LINEAR
LINEAR LINEAR LINEAR LINEAR LINEAR LINEAR LINEAR LINEAR LINEAR LINEAR LINEAR LINEAR
LINEAR LINEAR LINEAR LINEAR LINEAR LINEAR LINEAR LINEAR LINEAR</Name_array>
        <technique_common>
          <accessor source="#mixamorig_Spine2-Interpolations-array" count="32">
            <param type="name"/>
          </accessor>
        </technique_common>
      </source>
      <sampler id="mixamorig_Spine2-Matrix-animation-transform">
        <input semantic="INPUT" source="#mixamorig_Spine2-Matrix-animation-input"/>
        <input semantic="OUTPUT" source="#mixamorig_Spine2-Matrix-animation-output-transform"/>
        <input semantic="INTERPOLATION" source="#mixamorig_Spine2-Interpolations"/>
      </sampler>
      <channel source="#mixamorig_Spine2-Matrix-animation-transform" target="mixamorig_Spine2/matrix"/>
    </animation>
    <animation id="mixamorig_Neck-anim" name="mixamorig_Neck">
      <source id="mixamorig_Neck-Matrix-animation-input">
        <float_array id="mixamorig_Neck-Matrix-animation-input-array" count="32">

0.000000 0.033333 0.066667 0.100000 0.133333 0.166667 0.200000 0.233333 0.266667 0.300000 0.333333 0.366667 0.400000 0.433333 0.466667 0.500000
0.533333 0.566667 0.600000 0.633333 0.666667 0.700000 0.733333 0.766667 0.800000 0.833333 0.866667 0.900000 0.933333 0.966667 1.000000 1.033333</float_array>
        <technique_common>
          <accessor source="#mixamorig_Neck-Matrix-animation-input-array" count="32">
            <param name="TIME" type="float"/>
          </accessor>
        </technique_common>
      </source>
      <source id="mixamorig_Neck-Matrix-animation-output-transform">
        <float_array id="mixamorig_Neck-Matrix-animation-output-transform-array" count="512">

0.999746 0.021083 -0.007958 -0.000000 -0.021607 0.997116 -0.072752 16.539900 0.006402 0.072905 0.997318 -0.000000 0.000000 0.000000 0.000000 1.000000
0.999909 0.008095 -0.010777 0.000000 -0.008954 0.996576 -0.082191 16.539900 0.010074 0.082280 0.996558 0.000000 0.000000 0.000000 0.000000 1.000000
0.999848 -0.009064 -0.014863 0.000000 0.007796 0.996498 -0.083247 16.539900 0.015565 0.083119 0.996418 0.000000 0.000000 0.000000 0.000000 1.000000
0.999628 -0.021022 -0.017352 -0.000000 0.019189 0.994825 -0.099778 16.539900 0.019360 0.099408 0.994858 0.000000 0.000000 0.000000 0.000000 1.000000
0.999162 -0.035487 -0.020381 -0.000000 0.033065 0.993502 -0.108903 16.539900 0.024113 0.108138 0.993843 0.000000 0.000000 0.000000 0.000000 1.000000
0.998259 -0.053529 -0.024755 0.000000 0.050264 0.991782 -0.117653 16.539900 0.030850 0.116204 0.992746 0.000000 0.000000 0.000000 0.000000 1.000000
0.996879 -0.072846 -0.030426 -0.000000 0.068769 0.990574 -0.118467 16.539900 0.038769 0.116005 0.992492 0.000000 0.000000 0.000000 0.000000 1.000000
0.995707 -0.085504 -0.035455 0.000000 0.081353 0.991093 -0.105434 16.539900 0.044154 0.102097 0.993794 0.000000 0.000000 0.000000 0.000000 1.000000
0.995584 -0.086101 -0.037401 0.000000 0.082813 0.993186 -0.081996 16.539900 0.044206 0.078537 0.995931 0.000000 0.000000 0.000000 0.000000 1.000000
0.996181 -0.079903 -0.035187 0.000000 0.076776 0.993613 -0.082698 16.539900 0.041570 0.079680 0.995953 0.000000 0.000000 0.000000 0.000000 1.000000
0.996334 -0.079391 -0.031871 -0.000000 0.075997 0.992438 -0.096396 16.539900 0.039283 0.093620 0.994833 -0.000000 0.000000 0.000000 0.000000 1.000000
0.997093 -0.071280 -0.026913 -0.000000 0.068511 0.993339 -0.092654 16.539900 0.033338 0.090541 0.995335 -0.000000 0.000000 0.000000 0.000000 1.000000
0.998647 -0.048600 -0.018487 -0.000000 0.046779 0.994960 -0.088689 16.539900 0.022704 0.087705 0.995888 0.000000 0.000000 0.000000 0.000000 1.000000
0.999337 -0.034502 -0.011603 -0.000000 0.033228 0.994803 -0.096244 16.539900 0.014864 0.095794 0.995290 0.000000 0.000000 0.000000 0.000000 1.000000
0.999735 -0.022408 -0.005258 -0.000000 0.021722 0.994093 -0.106338 16.539900 0.007610 0.106196 0.994316 -0.000000 0.000000 0.000000 0.000000 1.000000
0.999933 -0.011586 0.000595 0.000000 0.011570 0.992161 -0.124430 16.539900 0.000851 0.124429 0.992228 0.000000 0.000000 0.000000 0.000000 1.000000
0.999961 -0.007402 0.004883 -0.000000 0.007971 0.991592 -0.129161 16.539900 -0.003886 0.129194 0.991612 0.000000 0.000000 0.000000 0.000000 1.000000
0.999949 -0.006031 0.008138 0.000000 0.007026 0.991699 -0.128387 16.539900 -0.007296 0.128438 0.991691 0.000000 0.000000 0.000000 0.000000 1.000000
0.999937 -0.003519 0.010673 0.000000 0.004881 0.991441 -0.130461 16.539900 -0.010122 0.130505 0.991396 -0.000000 0.000000 0.000000 0.000000 1.000000
0.999837 0.011058 0.014284 0.000000 -0.009164 0.991933 -0.126432 16.539900 -0.015567 0.126280 0.991872 -0.000000 0.000000 0.000000 0.000000 1.000000
0.999647 0.021206 0.016033 0.000000 -0.019041 0.991987 -0.124896 16.539900 -0.018553 0.124546 0.992040 0.000000 0.000000 0.000000 0.000000 1.000000
0.999268 0.033675 0.018132 0.000000 -0.031333 0.992663 -0.116787 16.539900 -0.021932 0.116133 0.992991 0.000000 0.000000 0.000000 0.000000 1.000000
0.998653 0.047332 0.021257 -0.000000 -0.045086 0.994364 -0.095951 16.539900 -0.025678 0.094863 0.995159 0.000000 0.000000 0.000000 0.000000 1.000000
0.998376 0.052244 0.022726 -0.000000 -0.050370 0.995803 -0.076409 16.539900 -0.026622 0.075140 0.996818 0.000000 0.000000 0.000000 0.000000 1.000000
0.998296 0.053920 0.022328 0.000000 -0.052100 0.995796 -0.075343 16.539900 -0.026297 0.074051 0.996908 -0.000000 0.000000 0.000000 0.000000 1.000000
0.998775 0.045768 0.018820 0.000000 -0.044299 0.996408 -0.072174 16.539900 -0.022055 0.071251 0.997215 0.000000 0.000000 0.000000 0.000000 1.000000
0.998939 0.043302 0.015680 -0.000000 -0.042241 0.997143 -0.062615 16.539900 -0.018346 0.061886 0.997915 -0.000000 0.000000 0.000000 0.000000 1.000000
0.999538 0.028922 0.009387 0.000000 -0.028466 0.998559 -0.045493 16.539900 -0.010689 0.045204 0.998921 0.000000 0.000000 0.000000 0.000000 1.000000
0.999810 0.019127 0.003694 0.000000 -0.018979 0.999153 -0.036518 16.539900 -0.004389 0.036441 0.999326 0.000000 0.000000 0.000000 0.000000 1.000000
0.999933 0.011452 -0.001796 -0.000000 -0.011520 0.998993 -0.043361 16.539900 0.001298 0.043379 0.999058 0.000000 0.000000 0.000000 0.000000 1.000000
0.999932 0.009976 -0.006056 0.000000 -0.010329 0.998058 -0.061429 16.539900 0.005432 0.061488 0.998093 -0.000000 0.000000 0.000000 0.000000 1.000000
0.999746 0.021083 -0.007959 0.000000 -0.021607 0.997116 -0.072752 16.539900 0.006402 0.072905 0.997318 0.000000 0.000000 0.000000 0.000000 1.000000</float_array>
        <technique_common>
          <accessor source="#mixamorig_Neck-Matrix-animation-output-transform-array" count="32" stride="16">
            <param type="float4x4"/>
          </accessor>
        </technique_common>
      </source>
      <source id="mixamorig_Neck-Interpolations">
        <Name_array id="mixamorig_Neck-Interpolations-array" count="32">
 LINEAR LINEAR LINEAR LINEAR LINEAR LINEAR LINEAR LINEAR LINEAR LINEAR LINEAR
LINEAR LINEAR LINEAR LINEAR LINEAR LINEAR LINEAR LINEAR LINEAR LINEAR LINEAR LINEAR
LINEAR LINEAR LINEAR LINEAR LINEAR LINEAR LINEAR LINEAR LINEAR</Name_array>
        <technique_common>
          <accessor source="#mixamorig_Neck-Interpolations-array" count="32">
            <param type="name"/>
          </accessor>
        </technique_common>
      </source>
      <sampler id="mixamorig_Neck-Matrix-animation-transform">
        <input semantic="INPUT" source="#mixamorig_Neck-Matrix-animation-input"/>
        <input semantic="OUTPUT" source="#mixamorig_Neck-Matrix-animation-output-transform"/>
        <input semantic="INTERPOLATION" source="#mixamorig_Neck-Interpolations"/>
      </sampler>
      <channel source="#mixamorig_Neck-Matrix-animation-transform" target="mixamorig_Neck/matrix"/>
    </animation>
    <animation id="mixamorig_Head-anim" name="mixamorig_Head">
      <source id="mixamorig_Head-Matrix-animation-input">
        <float_array id="mixamorig_Head-Matrix-animation-input-array" count="32">

0.000000 0.033333 0.066667 0.100000 0.133333 0.166667 0.200000 0.233333 0.266667 0.300000 0.333333 0.366667 0.400000 0.433333 0.466667 0.500000
0.533333 0.566667 0.600000 0.633333 0.666667 0.700000 0.733333 0.766667 0.800000 0.833333 0.866667 0.900000 0.933333 0.966667 1.000000 1.033333</float_array>
        <technique_common>
          <accessor source="#mixamorig_Head-Matrix-animation-input-array" count="32">
            <param name="TIME" type="float"/>
          </accessor>
        </technique_common>
      </source>
      <source id="mixamorig_Head-Matrix-animation-output-transform">
        <float_array id="mixamorig_Head-Matrix-animation-output-transform-array" count="512">

0.998050 -0.033250 -0.052817 0.000000 0.030730 0.998383 -0.047823 6.188500 0.054322 0.046107 0.997458 2.321600 0.000000 0.000000 0.000000 1.000000
0.998313 -0.027046 -0.051370 0.000000 0.024995 0.998880 -0.040165 6.188500 0.052399 0.038813 0.997872 2.321600 0.000000 0.000000 0.000000 1.000000
0.998764 -0.015367 -0.047267 -0.000000 0.013615 0.999216 -0.037166 6.188500 0.047802 0.036477 0.998191 2.321600 0.000000 0.000000 0.000000 1.000000
0.999017 -0.007256 -0.043735 0.000000 0.006089 0.999624 -0.026748 6.188500 0.043913 0.026455 0.998685 2.321600 0.000000 0.000000 0.000000 1.000000
0.999175 0.000758 -0.040598 0.000000 -0.001576 0.999796 -0.020114 6.188500 0.040575 0.020162 0.998973 2.321600 0.000000 0.000000 0.000000 1.000000
0.999234 0.008478 -0.038206 0.000000 -0.008978 0.999876 -0.012931 6.188500 0.038092 0.013265 0.999186 2.321600 0.000000 0.000000 0.000000 1.000000
0.999212 0.013339 -0.037377 0.000000 -0.013677 0.999868 -0.008804 6.188500 0.037255 0.009308 0.999262 2.321600 0.000000 0.000000 0.000000 1.000000
0.999150 0.010153 -0.039958 0.000000 -0.010711 0.999848 -0.013780 6.188500 0.039812 0.014196 0.999106 2.321600 0.000000 0.000000 0.000000 1.000000
0.998933 -0.003274 -0.046072 0.000000 0.002056 0.999648 -0.026442 6.188500 0.046142 0.026319 0.998588 2.321600 0.000000 0.000000 0.000000 1.000000
0.998476 -0.021051 -0.051009 0.000000 0.019928 0.999550 -0.022423 6.188500 0.051459 0.021372 0.998446 2.321600 0.000000 0.000000 0.000000 1.000000
0.998235 -0.032220 -0.049890 0.000000 0.031583 0.999410 -0.013522 6.188500 0.050296 0.011923 0.998663 2.321600 0.000000 0.000000 0.000000 1.000000
0.998225 -0.040334 -0.043820 0.000000 0.039453 0.999005 -0.020803 6.188500 0.044615 0.019037 0.998823 2.321600 0.000000 0.000000 0.000000 1.000000
0.998204 -0.048961 -0.034508 0.000000 0.047931 0.998398 -0.030083 6.188500 0.035926 0.028374 0.998952 2.321600 0.000000 0.000000 0.000000 1.000000
0.998543 -0.049893 -0.020539 0.000000 0.049164 0.998191 -0.034594 6.188500 0.022228 0.033534 0.999190 2.321600 0.000000 0.000000 0.000000 1.000000
0.998705 -0.050341 -0.007298 0.000000 0.050026 0.998012 -0.038322 6.188500 0.009212 0.037907 0.999239 2.321600 0.000000 0.000000 0.000000 1.000000
0.998553 -0.053703 0.002758 0.000000 0.053763 0.998061 -0.031377 6.188500 -0.001067 0.031480 0.999504 2.321600 0.000000 0.000000 0.000000 1.000000
0.998294 -0.057564 0.009730 0.000000 0.057790 0.998021 -0.024769 6.188500 -0.008285 0.025289 0.999646 2.321600 0.000000 0.000000 0.000000 1.000000
0.997974 -0.062093 0.013902 -0.000000 0.062313 0.997929 -0.015970 6.188500 -0.012882 0.016804 0.999776 2.321600 0.000000 0.000000 0.000000 1.000000
0.997666 -0.066417 0.015871 -0.000000 0.066487 0.997780 -0.003920 6.188500 -0.015576 0.004966 0.999866 2.321600 0.000000 0.000000 0.000000 1.000000
0.997179 -0.073652 0.014440 0.000000 0.073612 0.997282 0.003239 6.188500 -0.014640 -0.002167 0.999890 2.321600 0.000000 0.000000 0.000000 1.000000
0.997132 -0.074326 0.014256 0.000000 0.074194 0.997197 0.009617 6.188500 -0.014931 -0.008532 0.999852 2.321600 0.000000 0.000000 0.000000 1.000000
0.997315 -0.071916 0.013805 0.000000 0.071821 0.997391 0.007226 6.188500 -0.014289 -0.006215 0.999879 2.321600 0.000000 0.000000 0.000000 1.000000
0.997661 -0.067196 0.012520 0.000000 0.067266 0.997721 -0.005228 6.188500 -0.012140 0.006058 0.999908 2.321600 0.000000 0.000000 0.000000 1.000000
0.998297 -0.057129 0.011787 0.000000 0.057345 0.998177 -0.018831 6.188500 -0.010689 0.019475 0.999753 2.321600 0.000000 0.000000 0.000000 1.000000
0.998812 -0.047867 0.009104 -0.000000 0.048039 0.998652 -0.019676 6.188500 -0.008150 0.020090 0.999765 2.321600 0.000000 0.000000 0.000000 1.000000
0.999262 -0.038054 0.005220 0.000000 0.038161 0.999023 -0.022303 6.188500 -0.004366 0.022486 0.999738 2.321600 0.000000 0.000000 0.000000 1.000000
