<?xml version="1.0" encoding="utf-8"?>
<COLLADA xmlns="http://www.collada.org/2005/11/COLLADASchema" version="1.4.1">
  <asset>
    <contributor>
      <author>Mixamo</author>
      <authoring_tool>COLLADA Mixamo exporter</authoring_tool>
      <comments/>
    </contributor>
    <created>2024-04-04T21:59:32Z</created>
    <modified>2024-04-04T21:59:32Z</modified>
    <revision/>
    <title/>
    <unit meter="0.010000"/>
    <up_axis>Y_UP</up_axis>
  </asset>
  <library_animations>
    <animation id="mixamorig_Hips-anim" name="mixamorig_Hips">
      <source id="mixamorig_Hips-Matrix-animation-input">
        <float_array id="mixamorig_Hips-Matrix-animation-input-array" count="244">

0.000000 0.033333 0.066667 0.100000 0.133333 0.166667 0.200000 0.233333 0.266667 0.300000 0.333333 0.366667 0.400000 0.433333 0.466667 0.500000
0.533333 0.566667 0.600000 0.633333 0.666667 0.700000 0.733333 0.766667 0.800000 0.833333 0.866667 0.900000 0.933333 0.966667 1.000000 1.033333
1.066667 1.100000 1.133333 1.166667 1.200000 1.233333 1.266667 1.300000 1.333333 1.366667 1.400000 1.433333 1.466667 1.500000 1.533333 1.566667
1.600000 1.633333 1.666667 1.700000 1.733333 1.766667 1.800000 1.833333 1.866667 1.900000 1.933333 1.966667 2.000000 2.033333 2.066667 2.100000
2.133333 2.166667 2.200000 2.233333 2.266667 2.300000 2.333333 2.366667 2.400000 2.433333 2.466667 2.500000 2.533333 2.566667 2.600000 2.633333
2.666667 2.700000 2.733333 2.766667 2.800000 2.833333 2.866667 2.900000 2.933333 2.966667 3.000000 3.033333 3.066667 3.100000 3.133333 3.166667
3.200000 3.233333 3.266667 3.300000 3.333333 3.366667 3.400000 3.433333 3.466667 3.500000 3.533333 3.566667 3.600000 3.633333 3.666667 3.700000
3.733333 3.766667 3.800000 3.833333 3.866667 3.900000 3.933333 3.966667 4.000000 4.033333 4.066667 4.100000 4.133333 4.166667 4.200000 4.233333
4.266667 4.300000 4.333333 4.366667 4.400000 4.433333 4.466667 4.500000 4.533333 4.566667 4.600000 4.633333 4.666667 4.700000 4.733333 4.766667
4.800000 4.833333 4.866667 4.900000 4.933333 4.966667 5.000000 5.033333 5.066667 5.100000 5.133333 5.166667 5.200000 5.233333 5.266667 5.300000
5.333333 5.366667 5.400000 5.433333 5.466667 5.500000 5.533333 5.566667 5.600000 5.633333 5.666667 5.700000 5.733333 5.766667 5.800000 5.833333
5.866667 5.900000 5.933333 5.966667 6.000000 6.033333 6.066667 6.100000 6.133333 6.166667 6.200000 6.233333 6.266667 6.300000 6.333333 6.366667
6.400000 6.433333 6.466667 6.500000 6.533333 6.566667 6.600000 6.633333 6.666667 6.700000 6.733333 6.766667 6.800000 6.833333 6.866667 6.900000
6.933333 6.966667 7.000000 7.033333 7.066667 7.100000 7.133333 7.166667 7.200000 7.233333 7.266667 7.300000 7.333333 7.366667 7.400000 7.433333
7.466667 7.500000 7.533333 7.566667 7.600000 7.633333 7.666667 7.700000 7.733333 7.766667 7.800000 7.833333 7.866667 7.900000 7.933333 7.966667
8.000000 8.033333 8.066667 8.100000</float_array>
        <technique_common>
          <accessor source="#mixamorig_Hips-Matrix-animation-input-array" count="244">
            <param name="TIME" type="float"/>
          </accessor>
        </technique_common>
      </source>
      <source id="mixamorig_Hips-Matrix-animation-output-transform">
        <float_array id="mixamorig_Hips-Matrix-animation-output-transform-array" count="3904">

0.991548 -0.041736 0.122843 -8.873772 0.109856 0.773811 -0.623818 27.435940 -0.069021 0.632041 0.771855 2.063099 0.000000 0.000000 0.000000 1.000000
0.990939 -0.049927 0.124689 -8.577179 0.116477 0.781705 -0.612675 26.622993 -0.066881 0.621647 0.780437 1.560081 0.000000 0.000000 0.000000 1.000000
0.990466 -0.058077 0.124915 -8.169045 0.122135 0.789636 -0.601297 25.770088 -0.063716 0.610821 0.789201 1.118292 0.000000 0.000000 0.000000 1.000000
0.990702 -0.066004 0.118969 -7.695170 0.123946 0.798445 -0.589171 24.955791 -0.056102 0.598438 0.799202 0.739639 0.000000 0.000000 0.000000 1.000000
0.993263 -0.072875 0.090100 -7.439170 0.111599 0.810978 -0.574334 24.459236 -0.031214 0.580520 0.813648 0.450782 0.000000 0.000000 0.000000 1.000000
0.996031 -0.067252 0.058311 -7.355512 0.088374 0.825395 -0.557595 24.350491 -0.010630 0.560535 0.828062 0.289287 0.000000 0.000000 0.000000 1.000000
0.997766 -0.051532 0.042506 -7.314791 0.066374 0.836596 -0.543785 24.480841 -0.007538 0.545392 0.838147 0.265752 0.000000 0.000000 0.000000 1.000000
0.998742 -0.032500 0.038189 -7.316158 0.047918 0.843013 -0.535754 24.827461 -0.014782 0.536910 0.843510 0.326372 0.000000 0.000000 0.000000 1.000000
0.999119 -0.012301 0.040128 -7.377521 0.031812 0.845602 -0.532865 25.313595 -0.027378 0.533672 0.845249 0.398694 0.000000 0.000000 0.000000 1.000000
0.998961 0.010229 0.044399 -7.463324 0.015000 0.846316 -0.532470 25.833611 -0.043022 0.532583 0.845284 0.451687 0.000000 0.000000 0.000000 1.000000
0.998293 0.034518 0.047107 -7.528332 -0.004221 0.847166 -0.531312 26.331951 -0.058247 0.530206 0.845866 0.512664 0.000000 0.000000 0.000000 1.000000
0.997413 0.056267 0.044746 -7.565261 -0.024406 0.850482 -0.525438 26.823044 -0.067620 0.522987 0.849654 0.620306 0.000000 0.000000 0.000000 1.000000
0.996839 0.071260 0.035118 -7.613976 -0.043312 0.858069 -0.511705 27.337795 -0.066598 0.508567 0.858443 0.775789 0.000000 0.000000 0.000000 1.000000
0.996654 0.080012 0.016727 -7.677997 -0.061514 0.868908 -0.491136 27.925209 -0.053831 0.488463 0.870922 0.943406 0.000000 0.000000 0.000000 1.000000
0.996195 0.086439 -0.011166 -7.728255 -0.081530 0.878909 -0.469971 28.573267 -0.030810 0.469093 0.882611 1.109230 0.000000 0.000000 0.000000 1.000000
0.994666 0.092219 -0.046215 -7.794693 -0.103144 0.883881 -0.456198 29.197491 -0.001221 0.458531 0.888677 1.262638 0.000000 0.000000 0.000000 1.000000
0.992209 0.094287 -0.081437 -7.918965 -0.121168 0.882378 -0.454673 29.654367 0.028989 0.460998 0.886927 1.410840 0.000000 0.000000 0.000000 1.000000
0.990276 0.088182 -0.107594 -8.144530 -0.128527 0.875891 -0.465075 29.856773 0.053229 0.474382 0.878708 1.515944 0.000000 0.000000 0.000000 1.000000
0.990259 0.072581 -0.118827 -8.481937 -0.121536 0.866998 -0.483263 29.758522 0.067947 0.492997 0.867374 1.565760 0.000000 0.000000 0.000000 1.000000
0.991947 0.049483 -0.116590 -8.893498 -0.102010 0.857746 -0.503851 29.398350 0.075073 0.511686 0.855886 1.565084 0.000000 0.000000 0.000000 1.000000
0.993907 0.021862 -0.108036 -9.297564 -0.075460 0.849400 -0.522328 28.874434 0.080347 0.527297 0.845874 1.492024 0.000000 0.000000 0.000000 1.000000
0.994923 -0.006533 -0.100427 -9.617402 -0.048569 0.842823 -0.535995 28.240953 0.088144 0.538151 0.838227 1.303160 0.000000 0.000000 0.000000 1.000000
0.994957 -0.030133 -0.095668 -9.896824 -0.026905 0.838668 -0.543977 27.512684 0.096626 0.543808 0.833628 0.999657 0.000000 0.000000 0.000000 1.000000
0.994999 -0.043519 -0.089911 -10.140490 -0.012789 0.837197 -0.546751 26.694353 0.099067 0.545167 0.832454 0.623634 0.000000 0.000000 0.000000 1.000000
0.995768 -0.045906 -0.079613 -10.327989 -0.004912 0.838478 -0.544914 25.818508 0.091769 0.542999 0.834704 0.198280 0.000000 0.000000 0.000000 1.000000
0.996755 -0.040708 -0.069448 -10.441266 -0.002988 0.843411 -0.537260 24.979456 0.080444 0.535724 0.840553 -0.267192 0.000000 0.000000 0.000000 1.000000
0.996908 -0.031012 -0.072195 -10.586026 -0.011173 0.853529 -0.520926 24.279072 0.077775 0.520122 0.850544 -0.706244 0.000000 0.000000 0.000000 1.000000
0.994928 -0.020174 -0.098550 -10.858526 -0.031507 0.867897 -0.495743 23.806787 0.095533 0.496334 0.862859 -1.013733 0.000000 0.000000 0.000000 1.000000
0.989628 -0.014675 -0.142905 -11.126143 -0.054629 0.881592 -0.468841 23.611019 0.132864 0.471785 0.871646 -1.171068 0.000000 0.000000 0.000000 1.000000
0.982966 -0.020425 -0.182647 -11.228802 -0.065490 0.889642 -0.451938 23.680704 0.171721 0.456201 0.873151 -1.251066 0.000000 0.000000 0.000000 1.000000
0.978686 -0.038848 -0.201654 -11.223064 -0.057697 0.890379 -0.451549 23.948589 0.197090 0.453560 0.869160 -1.290877 0.000000 0.000000 0.000000 1.000000
0.976342 -0.067364 -0.205474 -11.223973 -0.036580 0.885085 -0.463989 24.340496 0.213118 0.460528 0.861681 -1.279355 0.000000 0.000000 0.000000 1.000000
0.973273 -0.098839 -0.207294 -11.232814 -0.013452 0.876558 -0.481108 24.808414 0.229258 0.471037 0.851801 -1.181927 0.000000 0.000000 0.000000 1.000000
0.969588 -0.123799 -0.211124 -11.185244 0.002698 0.867986 -0.496581 25.335728 0.244729 0.480909 0.841923 -0.993727 0.000000 0.000000 0.000000 1.000000
0.967305 -0.139005 -0.212128 -11.079700 0.012966 0.862428 -0.506013 25.939732 0.253283 0.486719 0.836034 -0.744170 0.000000 0.000000 0.000000 1.000000
0.967551 -0.150270 -0.203136 -10.970246 0.027042 0.860902 -0.508051 26.672218 0.251225 0.486073 0.837030 -0.479602 0.000000 0.000000 0.000000 1.000000
0.970489 -0.164512 -0.176316 -10.839668 0.053066 0.858929 -0.509337 27.503437 0.235235 0.484950 0.842311 -0.223670 0.000000 0.000000 0.000000 1.000000
0.975385 -0.180052 -0.127304 -10.604883 0.088544 0.848524 -0.521696 28.226913 0.201953 0.497583 0.843580 0.034031 0.000000 0.000000 0.000000 1.000000
0.980468 -0.185875 -0.064285 -10.262386 0.120907 0.827435 -0.548392 28.627110 0.155124 0.529908 0.833747 0.278545 0.000000 0.000000 0.000000 1.000000
0.984743 -0.173939 -0.005093 -9.855320 0.138954 0.803620 -0.578694 28.699713 0.104751 0.569157 0.815529 0.455116 0.000000 0.000000 0.000000 1.000000
0.988067 -0.148363 0.041385 -9.442775 0.143309 0.787032 -0.600036 28.508163 0.056452 0.598807 0.798902 0.517197 0.000000 0.000000 0.000000 1.000000
0.989701 -0.117322 0.082016 -9.012005 0.142947 0.779735 -0.609573 28.070946 0.007565 0.615019 0.788476 0.444085 0.000000 0.000000 0.000000 1.000000
0.988325 -0.086367 0.125516 -8.566981 0.145642 0.777469 -0.611826 27.410460 -0.044744 0.622963 0.780971 0.238132 0.000000 0.000000 0.000000 1.000000
0.983938 -0.061299 0.167656 -8.183597 0.152363 0.777752 -0.609825 26.599676 -0.093013 0.625575 0.774600 -0.101570 0.000000 0.000000 0.000000 1.000000
0.979424 -0.050463 0.195405 -7.937664 0.160254 0.782995 -0.601031 25.742706 -0.122671 0.619978 0.774970 -0.595243 0.000000 0.000000 0.000000 1.000000
0.977906 -0.059377 0.200435 -7.732422 0.167523 0.796118 -0.581491 24.844652 -0.125043 0.602221 0.788476 -1.150128 0.000000 0.000000 0.000000 1.000000
0.979177 -0.084797 0.184450 -7.634565 0.174667 0.814950 -0.552583 23.991495 -0.103460 0.573294 0.812792 -1.739327 0.000000 0.000000 0.000000 1.000000
0.981262 -0.113950 0.155372 -7.576690 0.179586 0.833064 -0.523215 23.317034 -0.069815 0.541314 0.837917 -2.253183 0.000000 0.000000 0.000000 1.000000
0.983224 -0.133287 0.124520 -7.504190 0.178329 0.845886 -0.502668 22.949810 -0.038331 0.516441 0.855465 -2.621768 0.000000 0.000000 0.000000 1.000000
0.985328 -0.138656 0.099512 -7.454892 0.169843 0.853927 -0.491896 22.959309 -0.016772 0.501581 0.864948 -2.853403 0.000000 0.000000 0.000000 1.000000
0.987603 -0.134064 0.081656 -7.424140 0.156885 0.860537 -0.484628 23.326847 -0.005296 0.491430 0.870901 -3.015342 0.000000 0.000000 0.000000 1.000000
0.989808 -0.123522 0.070863 -7.377377 0.142377 0.868223 -0.475308 23.939795 -0.002814 0.480554 0.876961 -3.135557 0.000000 0.000000 0.000000 1.000000
0.991979 -0.106837 0.067559 -7.353883 0.126014 0.877863 -0.462036 24.607899 -0.009945 0.466844 0.884284 -3.159168 0.000000 0.000000 0.000000 1.000000
0.994196 -0.082030 0.069616 -7.364414 0.104510 0.890012 -0.443799 25.227657 -0.025554 0.448498 0.893418 -3.077918 0.000000 0.000000 0.000000 1.000000
0.996129 -0.050089 0.072237 -7.388763 0.075976 0.903912 -0.420916 25.796740 -0.044212 0.424774 0.904219 -2.945939 0.000000 0.000000 0.000000 1.000000
0.997266 -0.016907 0.071935 -7.396585 0.044278 0.916082 -0.398539 26.314159 -0.059160 0.400634 0.914326 -2.779690 0.000000 0.000000 0.000000 1.000000
0.997716 0.009963 0.066808 -7.398111 0.016494 0.923188 -0.383995 26.780514 -0.065502 0.384220 0.920915 -2.544085 0.000000 0.000000 0.000000 1.000000
0.998283 0.027391 0.051770 -7.445527 -0.005724 0.925301 -0.379190 27.215500 -0.058289 0.378243 0.923869 -2.219463 0.000000 0.000000 0.000000 1.000000
0.999106 0.037859 0.018828 -7.584784 -0.027846 0.924235 -0.380808 27.664021 -0.031818 0.379943 0.924463 -1.854370 0.000000 0.000000 0.000000 1.000000
0.998440 0.043857 -0.034543 -7.822616 -0.053856 0.919639 -0.389056 28.111429 0.014704 0.390309 0.920566 -1.503009 0.000000 0.000000 0.000000 1.000000
0.994200 0.043103 -0.098527 -8.102512 -0.080024 0.908560 -0.410019 28.475279 0.071845 0.415525 0.906740 -1.186135 0.000000 0.000000 0.000000 1.000000
0.987253 0.031485 -0.156013 -8.432218 -0.098906 0.889350 -0.446402 28.627804 0.124695 0.456142 0.881127 -0.889230 0.000000 0.000000 0.000000 1.000000
0.980653 0.010560 -0.195468 -8.855124 -0.107044 0.864951 -0.490307 28.504477 0.163893 0.501745 0.849347 -0.613182 0.000000 0.000000 0.000000 1.000000
0.975774 -0.011873 -0.218457 -9.325141 -0.108164 0.841775 -0.528882 28.193943 0.190171 0.539699 0.820098 -0.385434 0.000000 0.000000 0.000000 1.000000
0.972271 -0.030290 -0.231887 -9.763389 -0.106768 0.824707 -0.555391 27.793476 0.208061 0.564748 0.798605 -0.301675 0.000000 0.000000 0.000000 1.000000
0.970176 -0.043175 -0.238525 -10.175597 -0.104368 0.813728 -0.571799 27.251633 0.218782 0.579640 0.784953 -0.427154 0.000000 0.000000 0.000000 1.000000
0.970360 -0.049242 -0.236593 -10.513407 -0.100894 0.807064 -0.581780 26.538521 0.219594 0.588407 0.778175 -0.736899 0.000000 0.000000 0.000000 1.000000
0.973047 -0.046448 -0.225883 -10.739346 -0.097087 0.805960 -0.583954 25.703213 0.209176 0.590145 0.779727 -1.116914 0.000000 0.000000 0.000000 1.000000
0.977124 -0.035255 -0.209727 -10.843546 -0.093821 0.813554 -0.573871 24.900141 0.190856 0.580420 0.791636 -1.517344 0.000000 0.000000 0.000000 1.000000
0.981591 -0.020100 -0.189936 -10.842009 -0.089829 0.829014 -0.551967 24.247326 0.168554 0.558867 0.811946 -1.934296 0.000000 0.000000 0.000000 1.000000
0.986236 -0.006180 -0.165227 -10.738909 -0.082915 0.846084 -0.526562 23.800226 0.143050 0.533015 0.833926 -2.302927 0.000000 0.000000 0.000000 1.000000
0.990342 0.004135 -0.138587 -10.550661 -0.074457 0.859056 -0.506437 23.591406 0.116960 0.511864 0.851067 -2.493200 0.000000 0.000000 0.000000 1.000000
0.992447 0.010999 -0.122179 -10.421933 -0.070220 0.867597 -0.492284 23.713560 0.100588 0.497146 0.861817 -2.476814 0.000000 0.000000 0.000000 1.000000
0.991874 0.012748 -0.126587 -10.408464 -0.072520 0.874158 -0.480196 24.175346 0.104535 0.485474 0.867979 -2.297526 0.000000 0.000000 0.000000 1.000000
0.989098 0.004340 -0.147192 -10.426854 -0.074046 0.878663 -0.471666 24.810551 0.127285 0.477423 0.869405 -2.058385 0.000000 0.000000 0.000000 1.000000
0.985645 -0.016925 -0.167982 -10.390717 -0.065634 0.878289 -0.473603 25.402796 0.155553 0.477830 0.864570 -1.812251 0.000000 0.000000 0.000000 1.000000
0.982979 -0.045059 -0.178106 -10.357371 -0.048332 0.871882 -0.487326 25.883556 0.177246 0.487639 0.854864 -1.539982 0.000000 0.000000 0.000000 1.000000
0.981348 -0.069287 -0.179319 -10.351911 -0.030893 0.863825 -0.502843 26.279058 0.189741 0.499004 0.845573 -1.228593 0.000000 0.000000 0.000000 1.000000
0.980307 -0.086257 -0.177647 -10.340595 -0.016115 0.861623 -0.507292 26.671791 0.196822 0.500165 0.843265 -0.902192 0.000000 0.000000 0.000000 1.000000
0.979452 -0.102865 -0.173473 -10.335650 0.002978 0.867432 -0.497547 27.178469 0.201656 0.486806 0.849914 -0.608421 0.000000 0.000000 0.000000 1.000000
0.979073 -0.125086 -0.160529 -10.369609 0.032595 0.875004 -0.483017 27.848980 0.200883 0.467677 0.860770 -0.326040 0.000000 0.000000 0.000000 1.000000
0.980028 -0.148799 -0.131922 -10.439508 0.068950 0.876508 -0.476424 28.581131 0.186523 0.457812 0.869262 0.034367 0.000000 0.000000 0.000000 1.000000
0.982612 -0.163902 -0.087231 -10.484822 0.101786 0.868454 -0.485208 29.185017 0.155283 0.467893 0.870037 0.459526 0.000000 0.000000 0.000000 1.000000
0.985789 -0.164253 -0.035217 -10.381972 0.123507 0.850770 -0.510819 29.551308 0.113865 0.499211 0.858966 0.840010 0.000000 0.000000 0.000000 1.000000
0.988425 -0.151253 0.011737 -10.123112 0.132763 0.824958 -0.549379 29.641483 0.073413 0.544579 0.835491 1.139105 0.000000 0.000000 0.000000 1.000000
0.990441 -0.129690 0.046978 -9.780014 0.132124 0.794162 -0.593169 29.468388 0.039620 0.593706 0.803706 1.370868 0.000000 0.000000 0.000000 1.000000
0.992101 -0.102716 0.072001 -9.464454 0.125042 0.764215 -0.632725 29.129972 0.009967 0.636730 0.771022 1.600235 0.000000 0.000000 0.000000 1.000000
0.993086 -0.073625 0.091432 -9.110388 0.115789 0.742554 -0.659702 28.617887 -0.019323 0.665727 0.745945 1.673587 0.000000 0.000000 0.000000 1.000000
0.993084 -0.049633 0.106400 -8.760038 0.108535 0.733684 -0.670766 28.025755 -0.044772 0.677675 0.733997 1.478974 0.000000 0.000000 0.000000 1.000000
0.992754 -0.040794 0.113028 -8.421267 0.106255 0.737291 -0.667167 27.365755 -0.056118 0.674342 0.736284 1.047383 0.000000 0.000000 0.000000 1.000000
0.993082 -0.050961 0.105792 -8.168681 0.107984 0.750282 -0.652240 26.578690 -0.046135 0.659151 0.750594 0.537440 0.000000 0.000000 0.000000 1.000000
0.993784 -0.071983 0.084928 -7.983867 0.109584 0.767042 -0.632169 25.780058 -0.019638 0.637546 0.770162 0.107750 0.000000 0.000000 0.000000 1.000000
0.994145 -0.090032 0.059746 -7.829277 0.107711 0.781803 -0.614152 25.157759 0.008583 0.616992 0.786923 -0.201868 0.000000 0.000000 0.000000 1.000000
0.994403 -0.096997 0.041892 -7.655970 0.102624 0.792363 -0.601356 24.794260 0.025136 0.602289 0.797882 -0.390158 0.000000 0.000000 0.000000 1.000000
0.995000 -0.093250 0.035764 -7.552997 0.096280 0.800404 -0.591679 24.720970 0.026548 0.592164 0.805380 -0.434914 0.000000 0.000000 0.000000 1.000000
0.995955 -0.081715 0.037356 -7.529538 0.088169 0.808850 -0.581367 24.974598 0.017291 0.582309 0.812784 -0.337422 0.000000 0.000000 0.000000 1.000000
0.997040 -0.064336 0.042108 -7.506024 0.076860 0.818487 -0.569361 25.517544 0.002165 0.570912 0.821009 -0.171207 0.000000 0.000000 0.000000 1.000000
0.997778 -0.043710 0.050289 -7.551879 0.064380 0.826953 -0.558574 26.134895 -0.017171 0.560570 0.827929 0.000853 0.000000 0.000000 0.000000 1.000000
0.997734 -0.023000 0.063235 -7.629534 0.054171 0.832020 -0.552094 26.667658 -0.039914 0.554269 0.831380 0.144992 0.000000 0.000000 0.000000 1.000000
0.996992 -0.004289 0.077391 -7.690830 0.046089 0.835576 -0.547437 27.072447 -0.062318 0.549357 0.833260 0.264981 0.000000 0.000000 0.000000 1.000000
0.996397 0.012061 0.083946 -7.715581 0.034999 0.843139 -0.536555 27.390697 -0.077250 0.537560 0.839679 0.353328 0.000000 0.000000 0.000000 1.000000
0.996902 0.026694 0.073989 -7.711183 0.015142 0.857930 -0.513544 27.714470 -0.077186 0.513073 0.854867 0.406562 0.000000 0.000000 0.000000 1.000000
0.998186 0.041116 0.043972 -7.687464 -0.014841 0.875960 -0.482156 28.125071 -0.058342 0.480629 0.874981 0.421210 0.000000 0.000000 0.000000 1.000000
0.998470 0.055286 -0.001170 -7.681407 -0.049780 0.889413 -0.454386 28.612204 -0.024081 0.453749 0.890804 0.411494 0.000000 0.000000 0.000000 1.000000
0.996658 0.064824 -0.049712 -7.723217 -0.080134 0.894042 -0.440757 29.058914 0.015873 0.443268 0.896249 0.454450 0.000000 0.000000 0.000000 1.000000
0.993941 0.063505 -0.089708 -7.847271 -0.097017 0.890491 -0.444538 29.327290 0.051654 0.450548 0.891257 0.618895 0.000000 0.000000 0.000000 1.000000
0.992181 0.048297 -0.115083 -8.120624 -0.096736 0.880217 -0.464607 29.362366 0.078859 0.472107 0.878007 0.844047 0.000000 0.000000 0.000000 1.000000
0.991600 0.022056 -0.127448 -8.531662 -0.082876 0.864853 -0.495136 29.150585 0.099303 0.501540 0.859417 1.012229 0.000000 0.000000 0.000000 1.000000
0.991033 -0.008348 -0.133353 -8.996472 -0.063496 0.848724 -0.525010 28.757063 0.117563 0.528770 0.840584 1.071737 0.000000 0.000000 0.000000 1.000000
0.989657 -0.036287 -0.138789 -9.411538 -0.045907 0.836492 -0.546053 28.290226 0.135911 0.546776 0.826174 1.013201 0.000000 0.000000 0.000000 1.000000
0.987931 -0.056359 -0.144280 -9.749343 -0.034342 0.828583 -0.558812 27.746952 0.151042 0.557022 0.816647 0.843682 0.000000 0.000000 0.000000 1.000000
0.987460 -0.063122 -0.144703 -10.039616 -0.030533 0.822923 -0.567331 27.072498 0.154891 0.564635 0.810676 0.564091 0.000000 0.000000 0.000000 1.000000
0.989460 -0.053737 -0.134465 -10.253508 -0.033162 0.819825 -0.571653 26.267492 0.140957 0.570087 0.809402 0.195853 0.000000 0.000000 0.000000 1.000000
0.992832 -0.033528 -0.114717 -10.319781 -0.037828 0.822341 -0.567735 25.441219 0.113371 0.568006 0.815179 -0.269661 0.000000 0.000000 0.000000 1.000000
0.995310 -0.013897 -0.095735 -10.230350 -0.041494 0.832639 -0.552259 24.734776 0.087387 0.553642 0.828157 -0.823436 0.000000 0.000000 0.000000 1.000000
0.995890 -0.000699 -0.090565 -10.158197 -0.047150 0.849771 -0.525039 24.235363 0.077327 0.527151 0.846246 -1.330214 0.000000 0.000000 0.000000 1.000000
0.994476 0.008829 -0.104593 -10.298569 -0.059199 0.870036 -0.489420 24.006479 0.086679 0.492908 0.865753 -1.650141 0.000000 0.000000 0.000000 1.000000
0.991591 0.015727 -0.128456 -10.580376 -0.072885 0.888072 -0.453890 24.074003 0.106940 0.459435 0.881750 -1.801978 0.000000 0.000000 0.000000 1.000000
0.989631 0.014532 -0.142898 -10.719665 -0.075302 0.899679 -0.430008 24.382414 0.122313 0.436309 0.891445 -1.887514 0.000000 0.000000 0.000000 1.000000
0.990385 -0.000194 -0.138340 -10.640194 -0.059027 0.903811 -0.423842 24.794891 0.125116 0.427933 0.895109 -1.900495 0.000000 0.000000 0.000000 1.000000
0.991628 -0.025589 -0.126565 -10.573560 -0.031946 0.901077 -0.432480 25.198824 0.125112 0.432903 0.892716 -1.817225 0.000000 0.000000 0.000000 1.000000
0.990579 -0.051752 -0.126786 -10.686235 -0.010632 0.893983 -0.447974 25.545063 0.136528 0.445102 0.885011 -1.605914 0.000000 0.000000 0.000000 1.000000
0.986970 -0.073023 -0.143379 -10.871703 -0.001094 0.888021 -0.459801 25.876987 0.160900 0.453967 0.876371 -1.338736 0.000000 0.000000 0.000000 1.000000
0.982138 -0.093206 -0.163456 -10.951144 0.007910 0.888381 -0.459039 26.288952 0.187996 0.449547 0.873250 -1.099172 0.000000 0.000000 0.000000 1.000000
0.977974 -0.116791 -0.172991 -10.883062 0.028033 0.894786 -0.445614 26.851578 0.206834 0.430949 0.878352 -0.885858 0.000000 0.000000 0.000000 1.000000
0.975665 -0.141534 -0.167469 -10.779982 0.056795 0.900829 -0.430443 27.522209 0.211783 0.410456 0.886946 -0.621610 0.000000 0.000000 0.000000 1.000000
0.975661 -0.160826 -0.149063 -10.745420 0.083405 0.900854 -0.426035 28.178526 0.202801 0.403233 0.892342 -0.307264 0.000000 0.000000 0.000000 1.000000
0.977787 -0.170793 -0.121504 -10.720387 0.102035 0.894218 -0.435848 28.751059 0.183091 0.413768 0.891781 -0.019619 0.000000 0.000000 0.000000 1.000000
0.980838 -0.172845 -0.089900 -10.613957 0.113655 0.882412 -0.456544 29.169739 0.158240 0.437578 0.885147 0.229552 0.000000 0.000000 0.000000 1.000000
0.983542 -0.170155 -0.060764 -10.390053 0.119837 0.866037 -0.485407 29.372108 0.135218 0.470136 0.872174 0.464067 0.000000 0.000000 0.000000 1.000000
0.985630 -0.164575 -0.038075 -10.084861 0.121050 0.845340 -0.520333 29.333633 0.117820 0.508247 0.853114 0.661191 0.000000 0.000000 0.000000 1.000000
0.987551 -0.155926 -0.020760 -9.745832 0.118142 0.822350 -0.556582 29.069916 0.103857 0.547200 0.830533 0.767745 0.000000 0.000000 0.000000 1.000000
0.989664 -0.143294 -0.005605 -9.399240 0.112605 0.800727 -0.588350 28.629688 0.088795 0.581638 0.808587 0.753166 0.000000 0.000000 0.000000 1.000000
0.991823 -0.127423 0.007159 -9.074654 0.105073 0.783442 -0.612518 28.083548 0.072440 0.608261 0.790424 0.622270 0.000000 0.000000 0.000000 1.000000
0.993546 -0.112758 0.012329 -8.756029 0.095389 0.771763 -0.628715 27.452681 0.061377 0.625833 0.777538 0.404230 0.000000 0.000000 0.000000 1.000000
0.994385 -0.105690 0.005286 -8.411279 0.084821 0.766174 -0.637011 26.731182 0.063275 0.633882 0.770837 0.141517 0.000000 0.000000 0.000000 1.000000
0.994117 -0.107556 -0.012805 -8.151212 0.074716 0.766517 -0.637862 25.962143 0.078421 0.633153 0.770044 -0.154078 0.000000 0.000000 0.000000 1.000000
0.993101 -0.111718 -0.035626 -7.980773 0.063983 0.770871 -0.633770 25.247841 0.098266 0.627118 0.772701 -0.422396 0.000000 0.000000 0.000000 1.000000
0.992250 -0.110235 -0.057348 -7.911009 0.049911 0.776216 -0.628489 24.737804 0.113796 0.620755 0.775702 -0.580510 0.000000 0.000000 0.000000 1.000000
0.991911 -0.101329 -0.076449 -7.901311 0.031649 0.780686 -0.624121 24.581100 0.122924 0.616653 0.777579 -0.609486 0.000000 0.000000 0.000000 1.000000
0.991767 -0.088401 -0.092652 -7.890069 0.011905 0.784024 -0.620617 24.817230 0.127504 0.614404 0.778621 -0.575095 0.000000 0.000000 0.000000 1.000000
0.991995 -0.073475 -0.102702 -7.919354 -0.005696 0.786435 -0.617647 25.275265 0.126150 0.613288 0.779721 -0.488122 0.000000 0.000000 0.000000 1.000000
0.993290 -0.054483 -0.102017 -7.953712 -0.019934 0.788235 -0.615051 25.785257 0.113923 0.612958 0.781860 -0.341723 0.000000 0.000000 0.000000 1.000000
0.995682 -0.030334 -0.087732 -7.978033 -0.029968 0.789455 -0.613076 26.276772 0.087857 0.613059 0.785137 -0.164313 0.000000 0.000000 0.000000 1.000000
0.998153 -0.005728 -0.060483 -7.998119 -0.032653 0.788945 -0.613595 26.723520 0.051232 0.614437 0.787301 0.022856 0.000000 0.000000 0.000000 1.000000
0.999555 0.011869 -0.027348 -8.047692 -0.026234 0.785978 -0.617698 27.117395 0.014164 0.618141 0.785940 0.228506 0.000000 0.000000 0.000000 1.000000
0.999807 0.019569 -0.001631 -8.107357 -0.016355 0.783860 -0.620723 27.523808 -0.010868 0.620630 0.784029 0.439879 0.000000 0.000000 0.000000 1.000000
0.999739 0.022014 0.006123 -8.099716 -0.013607 0.788859 -0.614423 28.004707 -0.018356 0.614179 0.788953 0.632776 0.000000 0.000000 0.000000 1.000000
0.999640 0.026232 -0.005551 -8.013091 -0.024368 0.802428 -0.596251 28.560097 -0.011187 0.596172 0.802779 0.797958 0.000000 0.000000 0.000000 1.000000
0.999020 0.032139 -0.030445 -7.961820 -0.043796 0.817901 -0.573689 29.113222 0.006463 0.574460 0.818507 0.938322 0.000000 0.000000 0.000000 1.000000
0.997869 0.033108 -0.056224 -8.039621 -0.058905 0.827728 -0.558029 29.532347 0.028063 0.560151 0.827915 1.068847 0.000000 0.000000 0.000000 1.000000
0.997196 0.025676 -0.070292 -8.270849 -0.060505 0.829381 -0.555397 29.722355 0.044038 0.558092 0.828609 1.178796 0.000000 0.000000 0.000000 1.000000
0.997659 0.011302 -0.067450 -8.661100 -0.047515 0.823901 -0.564739 29.656885 0.049189 0.566622 0.822509 1.246507 0.000000 0.000000 0.000000 1.000000
0.998721 -0.007555 -0.049988 -9.150641 -0.022946 0.813316 -0.581369 29.349953 0.045049 0.581773 0.812103 1.273543 0.000000 0.000000 0.000000 1.000000
0.999329 -0.027896 -0.023720 -9.639083 0.008094 0.800053 -0.599875 28.866186 0.035711 0.599281 0.799742 1.231211 0.000000 0.000000 0.000000 1.000000
0.999002 -0.044494 0.004007 -10.050561 0.037534 0.787299 -0.615428 28.295280 0.024228 0.614964 0.788183 1.061203 0.000000 0.000000 0.000000 1.000000
0.998323 -0.051715 0.026019 -10.413697 0.056626 0.778859 -0.624637 27.665760 0.012038 0.625063 0.780481 0.735880 0.000000 0.000000 0.000000 1.000000
0.998127 -0.047658 0.038369 -10.657825 0.061184 0.777880 -0.625428 26.948784 -0.000040 0.626604 0.779338 0.317565 0.000000 0.000000 0.000000 1.000000
0.998547 -0.033550 0.042165 -10.744242 0.052431 0.785479 -0.616663 26.164896 -0.012431 0.617978 0.786097 -0.115305 0.000000 0.000000 0.000000 1.000000
0.999123 -0.011699 0.040216 -10.758555 0.033486 0.799868 -0.599241 25.416706 -0.025157 0.600062 0.799558 -0.544520 0.000000 0.000000 0.000000 1.000000
0.999410 0.010963 0.032555 -10.887941 0.009840 0.816621 -0.577090 24.830484 -0.032911 0.577070 0.816031 -0.978172 0.000000 0.000000 0.000000 1.000000
0.999537 0.024566 0.017931 -11.080147 -0.010481 0.831676 -0.555163 24.406963 -0.028551 0.554718 0.831548 -1.336371 0.000000 0.000000 0.000000 1.000000
0.999720 0.023670 0.000127 -11.241109 -0.019910 0.843789 -0.536306 24.195900 -0.012802 0.536153 0.844024 -1.572321 0.000000 0.000000 0.000000 1.000000
0.999870 0.009461 -0.013049 -11.299404 -0.014884 0.852679 -0.522223 24.247969 0.006186 0.522349 0.852709 -1.691694 0.000000 0.000000 0.000000 1.000000
0.999753 -0.011973 -0.018749 -11.302196 0.000563 0.856171 -0.516693 24.525331 0.022239 0.516555 0.855965 -1.727271 0.000000 0.000000 0.000000 1.000000
0.999231 -0.031785 -0.022964 -11.321343 0.015083 0.852121 -0.523127 24.919729 0.036196 0.522378 0.851945 -1.648356 0.000000 0.000000 0.000000 1.000000
0.998460 -0.044958 -0.032515 -11.347963 0.020471 0.843188 -0.537229 25.338379 0.051569 0.535736 0.842809 -1.409936 0.000000 0.000000 0.000000 1.000000
0.997383 -0.055173 -0.046726 -11.349046 0.020737 0.837418 -0.546170 25.778452 0.069263 0.543772 0.836370 -1.100620 0.000000 0.000000 0.000000 1.000000
0.995836 -0.068852 -0.059755 -11.321494 0.026177 0.843801 -0.536018 26.316891 0.087327 0.532221 0.842089 -0.882327 0.000000 0.000000 0.000000 1.000000
0.994095 -0.085567 -0.066740 -11.283587 0.040830 0.864753 -0.500535 26.941505 0.100543 0.494854 0.863140 -0.744322 0.000000 0.000000 0.000000 1.000000
0.993237 -0.096435 -0.064652 -11.260002 0.057511 0.892400 -0.447565 27.547997 0.100857 0.440820 0.891911 -0.536764 0.000000 0.000000 0.000000 1.000000
0.994171 -0.094320 -0.052227 -11.239066 0.066448 0.917514 -0.392113 28.100660 0.084904 0.386357 0.918433 -0.222223 0.000000 0.000000 0.000000 1.000000
0.995995 -0.083391 -0.032262 -11.178701 0.067401 0.937306 -0.341928 28.617989 0.058753 0.338384 0.939172 0.132331 0.000000 0.000000 0.000000 1.000000
0.997137 -0.074832 -0.010844 -11.075415 0.068228 0.952261 -0.297565 29.109123 0.032593 0.295973 0.954640 0.487863 0.000000 0.000000 0.000000 1.000000
0.997162 -0.074928 0.007343 -10.953232 0.074238 0.962347 -0.261489 29.599255 0.012526 0.261292 0.965179 0.856814 0.000000 0.000000 0.000000 1.000000
0.996512 -0.080558 0.021763 -10.822876 0.083424 0.967674 -0.238007 30.085844 -0.001886 0.238992 0.971020 1.250806 0.000000 0.000000 0.000000 1.000000
0.995696 -0.086059 0.034396 -10.683000 0.091634 0.969723 -0.226366 30.506222 -0.013874 0.228543 0.973435 1.645741 0.000000 0.000000 0.000000 1.000000
0.994979 -0.088879 0.046016 -10.535014 0.096883 0.970677 -0.220001 30.808611 -0.025113 0.223355 0.974414 1.999568 0.000000 0.000000 0.000000 1.000000
0.994427 -0.089799 0.055236 -10.404621 0.099583 0.972074 -0.212498 30.982784 -0.034611 0.216815 0.975599 2.295077 0.000000 0.000000 0.000000 1.000000
0.994058 -0.090370 0.060681 -10.283855 0.100892 0.974180 -0.201975 31.064625 -0.040861 0.206897 0.977509 2.523860 0.000000 0.000000 0.000000 1.000000
0.993844 -0.091082 0.063066 -10.172615 0.101557 0.976494 -0.190123 31.102524 -0.044266 0.195357 0.979733 2.695316 0.000000 0.000000 0.000000 1.000000
0.993672 -0.091764 0.064771 -10.064335 0.102045 0.978505 -0.179208 31.106808 -0.046934 0.184684 0.981677 2.819436 0.000000 0.000000 0.000000 1.000000
0.993430 -0.092401 0.067513 -9.960443 0.102728 0.980021 -0.170313 31.068573 -0.050427 0.176129 0.983075 2.900525 0.000000 0.000000 0.000000 1.000000
0.993124 -0.093221 0.070811 -9.876811 0.103719 0.981159 -0.162999 30.997837 -0.054282 0.169222 0.984082 2.936217 0.000000 0.000000 0.000000 1.000000
0.992879 -0.094378 0.072694 -9.825806 0.104773 0.982211 -0.155831 30.931610 -0.056694 0.162338 0.985105 2.920868 0.000000 0.000000 0.000000 1.000000
0.992797 -0.095982 0.071701 -9.804068 0.105746 0.983338 -0.147868 30.899549 -0.056314 0.154385 0.986405 2.856292 0.000000 0.000000 0.000000 1.000000
0.992816 -0.098186 0.068379 -9.795588 0.107021 0.984273 -0.140547 30.894466 -0.053504 0.146855 0.987710 2.754073 0.000000 0.000000 0.000000 1.000000
0.992785 -0.100594 0.065263 -9.769019 0.108833 0.984399 -0.138252 30.879560 -0.050338 0.144357 0.988245 2.621972 0.000000 0.000000 0.000000 1.000000
0.992679 -0.101602 0.065305 -9.686380 0.110251 0.983055 -0.146449 30.815693 -0.049319 0.152577 0.987060 2.459477 0.000000 0.000000 0.000000 1.000000
0.992659 -0.099059 0.069394 -9.523748 0.109535 0.979593 -0.168520 30.668484 -0.051284 0.174884 0.983253 2.272969 0.000000 0.000000 0.000000 1.000000
0.992831 -0.093090 0.074977 -9.294306 0.106655 0.973123 -0.204097 30.435551 -0.053962 0.210630 0.976075 2.064509 0.000000 0.000000 0.000000 1.000000
0.993260 -0.086675 0.076950 -9.013014 0.103402 0.962592 -0.250448 30.107759 -0.052364 0.256717 0.965067 1.817737 0.000000 0.000000 0.000000 1.000000
0.994087 -0.083153 0.069832 -8.714910 0.100611 0.947247 -0.304303 29.694712 -0.040844 0.309530 0.950012 1.502302 0.000000 0.000000 0.000000 1.000000
0.995321 -0.083365 0.048854 -8.429946 0.095406 0.927954 -0.360277 29.169138 -0.015300 0.363252 0.931565 1.084512 0.000000 0.000000 0.000000 1.000000
0.996245 -0.085904 0.010800 -8.149188 0.082812 0.909048 -0.408379 28.532900 0.025263 0.407740 0.912749 0.579822 0.000000 0.000000 0.000000 1.000000
0.995063 -0.089417 -0.043053 -7.865166 0.061634 0.896817 -0.438087 27.792919 0.077783 0.433271 0.897901 0.034759 0.000000 0.000000 0.000000 1.000000
0.990170 -0.093538 -0.103988 -7.622016 0.037389 0.893434 -0.447636 27.050316 0.134778 0.439348 0.888149 -0.527337 0.000000 0.000000 0.000000 1.000000
0.982520 -0.098310 -0.158080 -7.433448 0.017857 0.895037 -0.445633 26.366230 0.185298 0.435021 0.881148 -1.038787 0.000000 0.000000 0.000000 1.000000
0.975525 -0.102949 -0.194301 -7.275477 0.006515 0.896775 -0.442440 25.809921 0.219793 0.430345 0.875497 -1.414443 0.000000 0.000000 0.000000 1.000000
0.971772 -0.105441 -0.211050 -7.160672 0.001157 0.896689 -0.442660 25.410088 0.235921 0.429920 0.871499 -1.629352 0.000000 0.000000 0.000000 1.000000
0.971346 -0.104335 -0.213545 -7.091840 -0.001532 0.895725 -0.444606 25.186892 0.237666 0.432194 0.869899 -1.741135 0.000000 0.000000 0.000000 1.000000
0.973542 -0.099753 -0.205583 -7.069534 -0.002519 0.894943 -0.446174 25.128803 0.228492 0.434887 0.871013 -1.811633 0.000000 0.000000 0.000000 1.000000
0.978291 -0.092096 -0.185646 -7.107812 -0.001332 0.893013 -0.450028 25.219151 0.207230 0.440506 0.873505 -1.837750 0.000000 0.000000 0.000000 1.000000
0.984902 -0.080510 -0.153252 -7.196157 0.000953 0.887780 -0.460267 25.453821 0.173111 0.453172 0.874453 -1.774224 0.000000 0.000000 0.000000 1.000000
0.991112 -0.063173 -0.117069 -7.283316 0.000036 0.880173 -0.474653 25.806448 0.133026 0.470431 0.872353 -1.614641 0.000000 0.000000 0.000000 1.000000
0.995078 -0.039527 -0.090872 -7.301335 -0.009408 0.875177 -0.483711 26.242798 0.098649 0.482185 0.870497 -1.410374 0.000000 0.000000 0.000000 1.000000
0.996583 -0.011831 -0.081751 -7.256966 -0.028883 0.877306 -0.479061 26.737816 0.077389 0.479786 0.873966 -1.192899 0.000000 0.000000 0.000000 1.000000
0.996113 0.015241 -0.086756 -7.233983 -0.053746 0.885486 -0.461547 27.270916 0.069787 0.464416 0.882864 -0.936259 0.000000 0.000000 0.000000 1.000000
0.994399 0.036688 -0.099122 -7.310149 -0.076877 0.894655 -0.440093 27.846964 0.072533 0.445248 0.892465 -0.601289 0.000000 0.000000 0.000000 1.000000
0.992112 0.051399 -0.114333 -7.401321 -0.095467 0.900902 -0.423392 28.504341 0.081241 0.430968 0.898703 -0.220919 0.000000 0.000000 0.000000 1.000000
0.989460 0.062729 -0.130514 -7.424425 -0.111967 0.902974 -0.414852 29.219490 0.091828 0.425093 0.900480 0.119013 0.000000 0.000000 0.000000 1.000000
0.986583 0.073648 -0.145702 -7.454672 -0.128480 0.900890 -0.414596 29.866877 0.100727 0.427753 0.898266 0.385022 0.000000 0.000000 0.000000 1.000000
0.984180 0.083525 -0.156247 -7.615992 -0.142935 0.895414 -0.421668 30.293180 0.104686 0.437330 0.893187 0.609562 0.000000 0.000000 0.000000 1.000000
0.983356 0.089933 -0.157868 -7.965891 -0.150748 0.888876 -0.432637 30.412224 0.101417 0.449235 0.887639 0.806687 0.000000 0.000000 0.000000 1.000000
0.984738 0.091579 -0.148002 -8.472562 -0.148672 0.884734 -0.441749 30.216412 0.090487 0.457011 0.884846 0.951312 0.000000 0.000000 0.000000 1.000000
0.987767 0.089920 -0.127399 -9.035905 -0.138060 0.884119 -0.446401 29.781576 0.072495 0.458529 0.885718 0.991797 0.000000 0.000000 0.000000 1.000000
0.991022 0.089581 -0.099253 -9.549079 -0.125095 0.883284 -0.451841 29.198458 0.047192 0.460200 0.886560 0.874133 0.000000 0.000000 0.000000 1.000000
0.992913 0.097544 -0.067889 -9.957172 -0.118002 0.877044 -0.465692 28.477674 0.014116 0.470403 0.882339 0.617719 0.000000 0.000000 0.000000 1.000000
0.992431 0.117140 -0.036858 -10.291283 -0.120209 0.865328 -0.486577 27.588505 -0.025103 0.487325 0.872860 0.307676 0.000000 0.000000 0.000000 1.000000
0.989875 0.141764 -0.007048 -10.617268 -0.125995 0.854729 -0.503551 26.557186 -0.065362 0.499341 0.863937 -0.000723 0.000000 0.000000 0.000000 1.000000
0.987016 0.159191 0.021400 -10.916812 -0.126426 0.852131 -0.507828 25.595158 -0.099077 0.498528 0.861193 -0.327075 0.000000 0.000000 0.000000 1.000000
0.985576 0.163091 0.045173 -11.184194 -0.119072 0.857972 -0.499706 24.782734 -0.120255 0.487120 0.865016 -0.654840 0.000000 0.000000 0.000000 1.000000
0.985767 0.157532 0.058707 -11.386539 -0.109732 0.867479 -0.485220 24.145456 -0.127365 0.471872 0.872419 -0.915649 0.000000 0.000000 0.000000 1.000000
0.986947 0.149563 0.059724 -11.451669 -0.104391 0.876510 -0.469928 23.729454 -0.122633 0.457560 0.880682 -1.060665 0.000000 0.000000 0.000000 1.000000
0.988845 0.139686 0.051710 -11.538542 -0.101010 0.884014 -0.456417 23.673948 -0.109468 0.446102 0.888262 -1.210193 0.000000 0.000000 0.000000 1.000000
0.991715 0.122549 0.038507 -11.711207 -0.092629 0.889923 -0.446606 23.966028 -0.088999 0.439339 0.893902 -1.386237 0.000000 0.000000 0.000000 1.000000
0.995214 0.095473 0.020851 -11.790945 -0.076383 0.893055 -0.443417 24.396471 -0.060955 0.439702 0.896073 -1.441728 0.000000 0.000000 0.000000 1.000000
0.998024 0.062828 -0.000100 -11.713977 -0.056217 0.892294 -0.447941 24.823351 -0.028054 0.447061 0.894063 -1.309913 0.000000 0.000000 0.000000 1.000000
0.999304 0.031668 -0.019733 -11.602876 -0.037183 0.889251 -0.455905 25.272366 0.003110 0.456321 0.889810 -1.059038 0.000000 0.000000 0.000000 1.000000
0.999464 0.006176 -0.032142 -11.534761 -0.020291 0.887461 -0.460437 25.833855 0.025681 0.460842 0.887110 -0.769058 0.000000 0.000000 0.000000 1.000000
0.999343 -0.012856 -0.033879 -11.521884 -0.004138 0.888350 -0.459148 26.512749 0.035999 0.458987 0.887713 -0.470031 0.000000 0.000000 0.000000 1.000000
0.999337 -0.025593 -0.025876 -11.518921 0.011017 0.890344 -0.455155 27.166452 0.034687 0.454568 0.890036 -0.127425 0.000000 0.000000 0.000000 1.000000
0.999356 -0.033686 -0.012386 -11.557120 0.024513 0.892688 -0.450008 27.733221 0.026216 0.449415 0.892938 0.255173 0.000000 0.000000 0.000000 1.000000
0.999145 -0.041231 0.003093 -11.634048 0.038374 0.896832 -0.440703 28.241310 0.015397 0.440445 0.897648 0.655744 0.000000 0.000000 0.000000 1.000000
0.998438 -0.051529 0.021614 -11.693020 0.055822 0.902495 -0.427068 28.785337 0.002500 0.427607 0.903961 1.039950 0.000000 0.000000 0.000000 1.000000
0.996961 -0.062809 0.046089 -11.680267 0.076345 0.905470 -0.417488 29.319353 -0.015510 0.419738 0.907513 1.412379 0.000000 0.000000 0.000000 1.000000
0.994811 -0.069662 0.074156 -11.588387 0.094605 0.901537 -0.422233 29.755541 -0.037440 0.427057 0.903449 1.792404 0.000000 0.000000 0.000000 1.000000
0.992922 -0.069136 0.096567 -11.387169 0.105090 0.890238 -0.443207 30.002813 -0.055326 0.450219 0.891203 2.169260 0.000000 0.000000 0.000000 1.000000
0.992619 -0.064545 0.102668 -11.069719 0.105845 0.874315 -0.473678 30.009687 -0.059190 0.481049 0.874693 2.482288 0.000000 0.000000 0.000000 1.000000
0.993132 -0.060252 0.100296 -10.713270 0.103071 0.856200 -0.506259 29.818800 -0.055371 0.513120 0.856529 2.670742 0.000000 0.000000 0.000000 1.000000
0.993523 -0.055889 0.098934 -10.298343 0.100834 0.835034 -0.540880 29.406363 -0.052384 0.547352 0.835261 2.698274 0.000000 0.000000 0.000000 1.000000
0.993251 -0.050539 0.104392 -9.829041 0.101759 0.811600 -0.575283 28.815985 -0.055650 0.582023 0.811266 2.574456 0.000000 0.000000 0.000000 1.000000
0.992408 -0.044997 0.114458 -9.364895 0.105527 0.789518 -0.604586 28.158497 -0.063163 0.612075 0.788273 2.339691 0.000000 0.000000 0.000000 1.000000
0.991548 -0.041736 0.122843 -8.873772 0.109856 0.773811 -0.623818 27.435940 -0.069021 0.632041 0.771855 2.063099 0.000000 0.000000 0.000000 1.000000</float_array>
        <technique_common>
